1 1
2 1
3 2
4 3
5 4
6 5
7 6
8 7
9 8
10 9
11 10
12 11
13 12
14 1
15 1
16 2
17 3
18 4
19 5
20 6
21 7
22 8
23 9
24 10
25 11
26 12
27 1
28 1
29 2
30 3
31 4
32 5
33 6
34 7
35 8
36 9
37 10
38 11
39 12
40 1
41 1
42 2
43 3
44 4
45 6
46 7
47 8
48 9
49 10
50 11
51 12
52 1
53 2
54 3
55 4
56 5
57 6
58 7
59 8
60 9
61 10
62 11
63 12
64 1
65 1
66 2
67 3
68 4
69 6
70 8
71 9
72 10
73 12
74 1
75 1
76 2
77 3
78 5
79 6
80 8
81 10
82 11
83 12
84 1
85 1
86 2
87 3
88 4
89 5
90 6
91 7
92 8
93 9
94 11
95 1
96 1
97 2
98 3
99 5
100 6
101 8
102 10
103 11
104 12
105 1
106 2
107 3
108 4
109 5
110 6
111 7
112 8
113 9
114 10
115 11
116 1
117 2
118 3
119 4
120 5
121 7
122 8
123 12
124 1
125 2
126 2
127 3
128 4
129 5
130 6
131 7
132 8
133 11
134 12
135 2
136 3
137 4
138 5
139 6
140 7
141 8
142 10
143 2
144 1
145 2
146 3
147 4
148 5
149 6
150 7
151 10
152 11
153 2
154 1
155 2
156 3
157 4
158 5
159 6
160 8
161 9
162 11
163 1
164 2
165 3
166 4
167 6
168 1
169 2
170 2
171 3
172 4
173 7
174 8
175 11
176 2
177 1
178 2
179 3
180 4
181 5
182 7
183 8
184 2
185 2
186 3
187 6
188 8
189 1
190 2
191 2
192 3
193 4
194 6
195 8
196 1
197 3
198 4
199 5
200 8
201 1
202 2
203 3
204 4
205 5
206 6
207 8
208 9
209 10
210 1
211 3
212 3
213 4
214 11
215 12
216 1
217 2
218 3
219 4
220 5
221 8
222 9
223 11
224 1
225 2
226 3
227 4
228 6
229 7
230 8
231 11
232 1
233 2
234 3
235 4
236 5
237 6
238 8
239 9
240 3
241 1
242 3
243 4
244 2
245 3
246 6
247 7
248 1
249 3
250 2
251 3
252 4
253 11
254 3
255 1
256 2
257 3
258 4
259 5
260 7
261 11
262 4
263 1
264 2
265 3
266 4
267 5
268 12
269 1
270 2
271 3
272 4
273 5
274 9
275 1
276 4
277 2
278 3
279 5
280 12
281 1
282 4
283 2
284 3
285 4
286 5
287 6
288 1
289 3
290 6
291 7
292 8
293 4
294 1
295 2
296 4
297 8
298 11
299 4
300 3
301 4
302 6
303 8
304 1
305 4
306 5
307 8
308 11
309 2
310 3
311 4
312 1
313 2
314 3
315 5
316 8
317 12
318 1
319 5
320 3
321 8
322 1
323 2
324 3
325 5
326 1
327 2
328 5
329 2
330 3
331 4
332 5
333 1
334 2
335 3
336 5
337 6
338 8
339 4
340 8
341 1
342 2
343 3
344 4
345 5
346 2
347 6
348 1
349 5
350 3
351 5
352 6
353 5
354 1
355 2
356 4
357 5
358 1
359 2
360 3
361 4
362 5
363 9
364 1
365 2
366 5
367 8
368 1
369 6
370 4
371 11
372 1
373 6
374 5
375 6
376 1
377 4
378 1
379 2
380 3
381 4
382 2
383 4
384 8
385 11
386 2
387 4
388 5
389 1
390 2
391 6
392 2
393 5
394 4
395 8
396 1
397 2
398 1
399 2
400 5
401 6
402 3
403 5
404 8
405 1
406 2
407 6
408 11
409 6
410 6
411 3
412 3
413 1
414 3
415 2
416 3
417 6
418 1
419 10
420 1
421 8
422 3
423 6
424 1
425 1
426 5
427 1
428 2
429 3
430 4
431 3
432 1
433 5
434 1
435 2
436 3
437 11
438 1
439 2
440 3
441 4
442 1
443 1
444 3
445 1
446 5
447 5
448 1
449 2
450 1
451 5
452 6
453 2
454 5
455 11
456 3
457 11
458 1
459 3
460 5
461 1
462 2
463 3
464 4
465 1
466 3
467 1
468 2
469 3
470 1
471 3
472 4
473 5
474 2
475 5
476 1
477 2
478 1
479 1
480 5
481 2
482 3
483 4
484 1
485 3
486 1
487 1
488 3
489 4
490 5
491 6
