1 1 2
2 1 2
3 1 2
4 1 2
5 3 1
6 3 1
7 3 1
8 3 1
9 3 1
10 4 1
11 4 1
12 4 1
13 1 4
14 4 1
4 4 1
15 5 1
16 5 1
17 5 1
18 5 1
19 6 1
1 6 1
20 6 1
21 6 1
17 6 1
5 6 1
22 6 1
23 6 1
24 1 6
8 6 1
25 1 6
19 7 1
17 1 7
26 1 7
27 7 1
28 7 1
29 8 1
30 8 1
31 8 1
32 8 1
33 8 1
34 9 1
35 9 1
36 9 1
37 9 1
19 10 1
38 10 1
39 10 1
40 10 1
41 1 11
42 11 1
43 11 1
44 11 1
45 11 1
46 12 1
1 12 1
47 12 1
48 1 12
49 12 1
50 13 1
51 13 1
52 13 1
53 13 1
54 13 1
55 13 1
47 13 1
56 13 1
57 13 1
42 13 1
58 13 1
59 13 1
25 13 1
60 13 1
61 13 1
62 13 1
63 13 1
64 13 1
31 1 13
65 13 1
66 13 1
67 13 1
39 13 1
68 13 1
69 13 1
70 13 1
3 13 1
71 13 1
72 13 1
13 13 1
73 13 1
14 13 1
74 13 1
75 13 1
37 13 1
76 13 1
77 13 1
78 13 1
79 13 1
80 13 1
81 13 1
82 13 1
83 13 1
84 15 14
71 14 15
85 14 15
76 14 15
76 14 15
50 14 16
54 14 16
86 14 16
44 14 16
87 14 16
5 14 17
88 14 17
89 14 17
90 14 17
91 14 17
92 14 18
27 18 14
93 18 14
74 14 18
94 14 18
55 19 14
95 19 14
96 14 19
97 14 19
73 19 14
4 14 19
98 14 20
46 14 20
99 14 20
100 14 20
71 14 20
76 14 20
101 14 21
23 21 14
102 14 21
103 14 21
4 14 21
104 14 22
105 14 22
106 14 22
107 14 22
72 22 14
41 14 23
99 14 23
108 14 23
25 23 14
109 14 23
110 24 14
68 14 24
72 24 14
13 24 14
111 14 24
112 14 25
8 14 25
113 14 25
114 25 14
91 25 14
56 14 26
23 26 14
115 14 26
91 26 14
116 14 26
4 14 26
117 27 28
99 27 28
118 28 27
100 28 27
79 27 28
4 28 27
99 29 27
22 29 27
95 27 29
12 29 27
119 29 27
4 29 27
102 27 30
120 30 27
97 30 27
37 30 27
4 30 27
20 31 27
17 31 27
7 31 27
61 31 27
71 27 31
121 27 32
38 27 32
122 27 32
83 32 27
4 27 32
123 33 27
124 33 27
51 33 27
46 33 27
125 33 27
126 33 27
92 33 27
95 33 27
127 33 27
128 33 27
129 33 27
130 33 27
131 33 27
51 34 27
132 34 27
95 34 27
2 34 27
72 34 27
133 35 27
19 35 27
50 35 27
1 35 27
17 35 27
125 35 27
18 35 27
92 35 27
134 35 27
121 35 27
135 35 27
136 35 27
84 35 27
7 35 27
137 35 27
41 35 27
138 35 27
58 35 27
113 27 35
139 35 27
35 35 27
140 35 27
141 35 27
49 35 27
142 35 27
97 35 27
67 35 27
143 35 27
143 35 27
144 35 27
93 35 27
145 35 27
72 35 27
13 35 27
73 35 27
34 35 27
146 35 27
44 27 35
75 35 27
94 35 27
147 35 27
117 27 36
99 36 27
55 36 27
10 36 27
110 36 27
129 36 27
118 36 27
130 36 27
43 36 27
148 36 27
61 36 27
149 36 27
65 36 27
39 36 27
29 36 27
70 36 27
150 36 27
151 36 27
152 36 27
122 36 27
119 36 27
130 37 27
153 37 27
61 37 27
102 27 37
154 37 27
133 38 27
155 38 27
15 38 27
136 38 27
156 38 27
123 38 27
157 38 27
128 27 38
19 38 27
50 38 27
158 38 27
158 38 27
159 27 38
117 38 27
98 27 38
160 38 27
41 38 27
161 27 38
51 38 27
16 38 27
52 38 27
99 38 27
162 38 27
46 38 27
163 38 27
125 38 27
1 38 27
126 38 27
164 38 27
20 38 27
21 38 27
165 38 27
17 38 27
5 38 27
56 38 27
166 38 27
58 27 38
135 38 27
18 38 27
167 38 27
6 38 27
92 27 38
47 38 27
54 38 27
134 38 27
55 27 38
104 38 27
121 38 27
168 38 27
22 38 27
169 38 27
132 38 27
170 38 27
171 38 27
172 38 27
101 38 27
95 38 27
10 38 27
173 38 27
174 38 27
127 38 27
175 38 27
110 38 27
29 38 27
57 38 27
129 27 38
176 38 27
84 38 27
137 38 27
2 38 27
130 38 27
177 38 27
23 38 27
118 38 27
7 38 27
178 27 38
179 38 27
180 27 38
24 38 27
108 27 38
42 38 27
8 38 27
181 38 27
43 38 27
182 38 27
48 38 27
138 38 27
153 38 27
113 38 27
96 38 27
59 38 27
183 38 27
184 38 27
185 38 27
25 38 27
186 38 27
139 38 27
30 38 27
28 38 27
148 27 38
27 38 27
187 38 27
115 38 27
35 38 27
71 27 38
61 38 27
60 38 27
3 38 27
188 27 38
189 38 27
81 38 27
36 38 27
149 38 27
102 38 27
62 38 27
105 38 27
86 38 27
120 38 27
190 27 38
38 38 27
141 38 27
140 38 27
140 38 27
106 27 38
191 38 27
191 38 27
192 38 27
11 38 27
193 38 27
109 38 27
85 38 27
194 38 27
195 38 27
63 38 27
26 38 27
196 38 27
89 38 27
88 38 27
64 38 27
49 38 27
142 38 27
146 38 27
197 38 27
107 38 27
69 38 27
31 38 27
97 38 27
65 38 27
144 38 27
66 38 27
67 38 27
143 38 27
147 38 27
39 38 27
80 38 27
12 38 27
93 38 27
198 38 27
199 38 27
100 38 27
200 38 27
145 38 27
70 38 27
201 38 27
150 38 27
72 27 38
73 27 38
13 27 38
103 38 27
34 38 27
14 38 27
202 38 27
111 38 27
76 38 27
37 38 27
44 38 27
75 38 27
94 38 27
203 38 27
114 38 27
204 38 27
205 27 38
90 38 27
9 38 27
154 38 27
152 38 27
206 38 27
122 38 27
32 38 27
45 38 27
77 38 27
119 38 27
78 38 27
79 38 27
116 27 38
33 38 27
40 38 27
91 38 27
207 38 27
208 38 27
209 38 27
210 38 27
211 38 27
82 38 27
212 38 27
83 38 27
4 38 27
51 39 27
137 39 27
108 39 27
213 39 27
146 27 39
155 40 41
16 40 41
178 40 41
168 40 41
111 40 41
161 42 41
135 42 41
57 42 41
60 42 41
14 42 41
175 43 41
86 43 41
144 43 41
4 41 43
167 44 41
173 44 41
113 44 41
28 44 41
63 44 41
98 45 41
171 45 41
110 45 41
115 45 41
189 45 41
157 41 46
52 46 41
134 46 41
120 46 41
151 46 41
19 47 41
124 47 41
214 47 41
166 47 41
160 41 47
22 47 41
136 47 41
129 47 41
24 47 41
41 47 41
8 47 41
185 47 41
102 47 41
88 47 41
64 47 41
147 47 41
198 47 41
199 47 41
68 47 41
3 47 41
71 47 41
13 47 41
34 47 41
74 47 41
44 41 47
76 47 41
90 47 41
103 47 41
77 47 41
79 47 41
91 47 41
203 48 41
105 48 41
86 48 41
144 48 41
208 48 41
126 49 41
137 49 41
187 49 41
106 49 41
31 49 41
21 50 41
130 50 41
191 50 41
151 50 41
154 50 41
117 51 41
146 51 41
120 51 41
140 51 41
85 51 41
108 52 2
141 2 52
107 52 2
47 53 2
110 53 2
41 53 2
139 53 2
16 54 2
17 54 2
54 54 2
172 54 2
114 2 54
161 2 55
7 55 2
195 55 2
69 55 2
72 55 2
134 56 2
54 56 2
142 56 2
145 56 2
207 56 2
131 57 2
137 57 2
154 57 2
210 2 57
41 58 2
181 58 2
142 58 2
64 58 2
75 2 58
164 59 2
169 59 2
11 59 2
70 59 2
78 59 2
92 60 2
93 60 2
70 60 2
154 60 2
210 60 2
15 61 2
46 61 2
113 61 2
122 61 2
208 61 2
52 62 2
135 62 2
201 62 2
165 63 2
113 63 2
3 63 2
11 63 2
111 63 2
17 64 65
129 64 65
180 64 65
193 65 64
33 64 65
178 65 66
142 66 65
119 66 65
33 66 65
98 67 65
90 67 65
4 65 67
181 68 65
153 65 68
115 68 65
176 65 68
90 65 68
161 56 65
135 56 65
180 56 65
28 56 65
189 56 65
123 69 65
121 69 65
105 69 65
107 69 65
67 69 65
171 34 65
57 34 65
179 34 65
6 34 65
80 34 65
214 70 65
139 70 65
156 70 65
79 70 65
193 65 71
39 71 65
150 71 65
91 71 65
40 72 65
138 72 65
96 72 65
28 72 65
194 72 65
62 72 65
166 25 65
169 25 65
43 25 65
183 25 65
111 25 65
156 73 65
124 73 65
21 73 65
138 73 65
85 73 65
153 74 75
61 75 74
35 74 75
120 74 75
3 74 75
15 75 76
51 76 75
174 76 75
101 75 77
186 75 77
30 75 77
73 77 75
41 68 75
17 68 75
96 68 75
140 75 68
124 78 75
1 78 75
182 78 75
120 78 75
39 75 78
156 75 79
29 75 79
82 75 79
106 79 75
97 75 79
73 79 75
125 8 75
18 8 75
149 8 75
140 8 75
66 8 75
16 80 75
58 80 75
179 80 75
184 75 80
189 80 75
99 75 71
174 71 75
148 71 75
81 71 75
111 75 71
164 75 81
27 81 75
65 75 81
66 81 75
198 81 75
136 75 82
160 82 75
1 75 82
166 82 75
24 82 75
50 83 75
23 83 75
28 83 75
105 83 75
39 83 75
92 84 85
191 84 85
181 85 84
186 84 85
104 86 84
86 86 84
49 84 86
72 86 84
94 86 84
15 84 87
104 87 84
190 84 87
215 84 87
34 84 87
52 88 84
46 88 84
130 88 84
28 88 84
11 88 84
92 89 84
130 89 84
115 89 84
94 84 89
123 90 84
57 90 84
30 90 84
190 90 84
107 90 84
6 91 84
187 84 91
189 91 84
141 91 84
100 91 84
13 91 84
51 92 84
1 92 84
120 84 92
85 84 92
45 92 84
195 93 84
97 93 84
100 93 84
150 93 84
73 93 84
119 93 84
171 24 84
8 24 84
197 84 24
151 24 84
206 24 84
46 94 84
169 94 84
100 94 84
190 94 84
67 94 84
147 94 84
7 84 26
195 84 26
94 84 26
119 84 26
209 26 84
110 96 95
23 96 95
53 97 96
47 97 96
104 97 96
129 97 96
123 98 96
108 98 96
63 98 96
198 96 98
77 98 96
174 5 96
149 96 5
88 5 96
15 99 96
136 99 96
106 99 96
194 99 96
64 99 96
46 100 96
162 100 96
177 100 96
64 100 96
149 100 96
120 100 96
1 46 96
167 96 46
102 46 96
51 101 96
1 101 96
164 96 101
48 96 101
189 101 96
157 48 96
109 48 96
101 48 96
27 48 96
5 102 96
18 102 96
69 96 102
41 102 96
213 102 96
86 102 96
155 103 96
19 103 96
21 103 96
25 103 96
72 103 96
46 104 96
95 104 96
128 96 104
8 104 96
195 104 96
40 105 95
135 105 95
95 95 105
96 95 105
36 95 105
19 95 106
191 95 106
126 106 95
129 106 95
187 106 95
102 106 95
165 107 95
170 107 95
130 95 107
40 95 107
20 95 108
17 108 95
54 95 108
82 108 95
155 95 109
158 109 95
170 109 95
187 109 95
98 110 95
214 95 110
18 110 95
147 95 110
47 95 111
168 95 111
174 111 95
86 111 95
101 95 112
210 112 95
158 113 95
5 113 95
173 113 95
30 113 95
105 113 95
51 114 95
112 114 95
6 114 95
82 114 95
184 114 95
12 114 95
162 115 95
163 95 115
17 115 95
166 115 95
138 115 95
161 95 73
1 73 95
125 73 95
134 95 73
180 73 95
136 16 116
117 16 116
49 16 116
48 16 116
40 16 117
19 16 117
56 16 117
122 117 16
43 117 16
31 16 117
67 117 16
155 118 16
41 16 118
47 16 118
129 118 16
184 118 16
155 16 119
56 16 119
6 119 16
173 119 16
110 119 16
19 120 16
52 120 16
110 120 16
177 16 120
216 120 16
123 33 16
50 33 16
16 33 16
52 121 16
173 121 16
135 121 16
175 121 16
29 121 16
162 122 16
166 122 16
176 122 16
30 122 16
64 122 16
158 71 16
178 16 71
24 71 16
82 71 16
145 71 16
72 71 16
162 11 16
8 16 11
186 16 11
61 16 11
103 11 16
19 103 16
159 103 16
104 103 16
103 103 16
36 103 16
161 123 16
165 16 123
1 123 16
130 16 123
113 123 16
112 125 124
18 125 124
145 125 124
94 124 125
133 125 126
136 126 125
17 125 126
23 126 125
97 126 125
155 125 127
157 125 127
158 127 125
175 127 125
128 127 125
174 125 128
29 128 125
84 128 125
16 129 125
99 129 125
125 129 125
167 125 129
89 125 129
159 130 125
16 130 125
46 130 125
214 130 125
1 130 125
20 130 125
21 130 125
168 130 125
10 130 125
41 130 125
184 130 125
153 130 125
185 130 125
139 130 125
189 130 125
86 130 125
141 130 125
191 130 125
85 125 130
97 130 125
145 130 125
152 130 125
32 130 125
87 130 125
116 130 125
103 125 130
82 130 125
83 130 125
51 131 125
165 131 125
18 131 125
98 131 125
11 131 125
155 132 125
126 132 125
164 132 125
56 132 125
178 132 125
180 48 125
182 48 125
185 48 125
198 125 48
72 48 125
137 61 125
58 61 125
25 61 125
204 61 125
206 61 125
19 133 125
99 125 133
60 133 125
72 125 133
154 133 125
112 125 134
59 134 125
62 134 125
72 134 125
77 134 125
155 84 135
24 84 135
25 135 84
147 84 135
12 135 84
17 135 97
125 97 135
56 135 97
191 97 135
151 135 97
128 135 136
163 135 136
69 136 135
184 135 136
30 135 136
139 136 135
183 137 135
182 135 137
44 135 137
152 135 137
136 138 135
19 138 135
126 138 135
168 138 135
107 138 135
106 135 139
124 139 135
16 139 135
110 139 135
179 139 135
105 135 140
84 135 140
188 135 140
194 135 140
156 141 135
199 135 141
201 141 135
77 135 141
110 10 135
113 10 135
109 10 135
49 135 10
212 10 135
165 135 142
166 135 142
105 135 142
215 135 142
197 135 142
199 115 135
193 115 135
29 115 135
3 135 115
47 135 123
75 135 123
154 123 135
123 143 144
55 143 144
134 144 143
120 143 144
13 143 144
191 145 143
55 145 143
172 145 143
130 143 145
123 146 143
129 146 143
138 143 146
185 143 146
34 143 146
161 147 143
191 143 147
121 143 147
177 147 143
186 147 143
153 147 143
109 143 148
125 143 148
48 148 143
182 148 143
99 149 143
110 149 143
38 149 143
193 149 143
201 149 143
1 150 143
55 150 143
141 150 143
103 150 143
152 143 150
132 122 143
186 122 143
198 122 143
37 122 143
32 122 143
5 10 143
18 10 143
185 10 143
193 10 143
62 151 143
56 151 143
176 143 151
108 151 143
138 151 143
160 152 143
134 152 143
174 143 152
153 143 152
186 152 143
214 73 143
56 73 143
113 143 73
97 73 143
80 73 143
136 153 154
161 153 154
92 153 154
128 153 154
60 153 154
165 155 153
112 155 153
134 155 153
96 153 155
148 155 153
165 156 153
27 156 153
149 156 153
11 156 153
121 157 153
125 153 157
29 153 157
200 157 153
209 153 157
70 158 153
38 153 158
11 158 153
194 153 158
6 159 153
179 159 153
213 159 153
202 159 153
119 159 153
108 153 91
8 153 91
96 153 91
61 153 91
107 153 91
125 160 153
48 160 153
31 160 153
147 160 153
45 160 153
162 161 153
54 161 153
127 161 153
25 161 153
194 161 153
170 49 153
179 49 153
42 49 153
43 49 153
97 49 153
126 162 153
180 153 162
138 162 153
38 162 153
152 162 153
157 104 153
176 104 153
64 104 153
29 153 104
100 163 117
74 117 163
44 163 117
76 117 163
119 117 163
15 164 117
164 164 117
6 164 117
172 164 117
174 164 117
127 164 117
128 164 117
57 164 117
29 164 117
180 164 117
24 164 117
108 164 117
48 164 117
148 164 117
149 164 117
38 164 117
194 164 117
142 164 117
93 164 117
39 164 117
201 164 117
3 164 117
34 164 117
151 164 117
154 164 117
122 164 117
188 164 117
81 164 117
209 117 164
19 165 117
130 165 117
115 117 165
74 165 117
4 117 165
99 166 117
199 166 117
201 166 117
176 166 117
4 117 166
30 117 32
97 32 117
75 32 117
77 32 117
126 167 117
176 117 167
120 167 117
182 167 117
199 167 117
51 140 117
22 140 117
153 140 117
146 140 117
1 35 117
131 35 117
59 35 117
73 35 117
114 35 117
133 36 117
155 36 117
15 36 117
156 36 117
136 117 36
123 117 36
157 36 117
128 36 117
19 36 117
50 36 117
158 36 117
159 36 117
117 36 117
160 36 117
124 36 117
41 36 117
161 36 117
51 36 117
16 36 117
52 36 117
162 36 117
165 36 117
112 36 117
46 36 117
99 36 117
163 36 117
53 36 117
214 36 117
1 36 117
125 36 117
126 36 117
109 36 117
164 36 117
20 36 117
21 36 117
17 36 117
5 36 117
56 36 117
166 36 117
167 36 117
178 36 117
135 36 117
18 36 117
104 36 117
92 36 117
6 36 117
54 36 117
55 36 117
47 36 117
134 36 117
121 36 117
168 36 117
22 36 117
131 36 117
26 36 117
169 36 117
132 36 117
170 36 117
171 36 117
172 36 117
101 36 117
95 36 117
173 36 117
10 36 117
174 117 36
98 36 117
175 36 117
127 36 117
110 36 117
191 36 117
57 36 117
129 36 117
137 36 117
69 36 117
176 36 117
2 36 117
84 36 117
130 36 117
177 36 117
23 36 117
118 36 117
7 36 117
29 36 117
179 36 117
180 36 117
24 36 117
42 36 117
216 36 117
108 36 117
8 36 117
181 36 117
43 36 117
182 36 117
48 36 117
138 36 117
213 36 117
58 36 117
153 36 117
96 36 117
59 36 117
183 36 117
184 36 117
113 36 117
185 36 117
186 36 117
25 36 117
30 117 36
139 36 117
148 36 117
28 36 117
27 36 117
115 36 117
188 36 117
3 117 36
71 117 36
61 36 117
60 36 117
35 36 117
81 36 117
64 36 117
189 36 117
102 36 117
149 36 117
36 36 117
62 36 117
105 36 117
40 36 117
86 36 117
120 36 117
70 36 117
190 36 117
38 117 36
141 36 117
140 36 117
215 36 117
215 36 117
106 36 117
11 36 117
192 36 117
193 36 117
85 36 117
194 36 117
195 36 117
63 36 117
88 36 117
196 36 117
89 36 117
33 36 117
49 36 117
142 36 117
146 36 117
197 36 117
107 36 117
31 36 117
97 36 117
65 36 117
144 36 117
66 36 117
67 36 117
143 36 117
147 36 117
39 36 117
93 36 117
80 36 117
12 36 117
198 36 117
199 36 117
83 36 117
200 36 117
145 36 117
68 36 117
100 36 117
201 36 117
150 36 117
72 36 117
13 36 117
73 36 117
103 36 117
34 36 117
202 36 117
14 36 117
151 36 117
111 36 117
74 36 117
37 36 117
75 36 117
44 36 117
94 36 117
217 36 117
114 36 117
205 36 117
204 36 117
90 36 117
76 36 117
154 36 117
152 36 117
122 36 117
206 36 117
45 36 117
32 36 117
77 36 117
119 36 117
78 36 117
79 36 117
116 36 117
203 36 117
91 36 117
207 36 117
208 36 117
87 36 117
209 36 117
210 36 117
211 36 117
82 36 117
212 36 117
4 36 117
112 114 117
17 114 117
18 114 117
24 114 117
68 114 117
1 25 117
61 25 117
36 25 117
93 25 117
208 25 117
135 83 117
93 83 117
100 83 117
202 83 117
114 83 117
128 168 169
200 169 168
202 169 168
146 169 168
154 168 169
109 170 169
200 170 169
72 170 169
13 170 169
79 170 169
46 171 169
127 171 169
38 171 169
79 169 171
116 171 169
15 172 169
135 172 169
190 172 169
32 172 169
57 89 169
179 89 169
185 89 169
49 169 89
135 33 169
22 33 169
7 33 169
144 169 33
208 33 169
41 173 169
126 173 169
58 173 169
127 173 169
74 173 169
46 174 169
168 174 169
101 174 169
180 174 169
201 174 169
165 161 169
99 161 169
174 161 169
11 161 169
67 161 169
124 61 169
101 61 169
110 61 169
141 61 169
49 61 169
99 175 169
101 175 169
43 169 175
61 175 169
67 175 169
157 13 169
16 13 169
58 13 169
169 13 169
173 13 169
155 176 177
158 176 177
117 176 177
120 176 177
193 177 176
155 176 178
53 176 178
173 176 178
153 176 178
62 176 178
165 176 179
46 176 179
22 176 179
65 179 176
98 176 179
55 180 176
22 176 180
139 180 176
189 180 176
121 181 176
84 181 176
108 181 176
105 181 176
142 181 176
47 69 176
185 69 176
140 69 176
141 176 69
193 69 176
110 182 176
29 182 176
63 182 176
39 182 176
78 182 176
56 176 183
43 183 176
143 183 176
83 183 176
111 183 176
211 183 176
162 161 176
181 176 161
185 161 176
30 161 176
65 161 176
163 114 176
1 114 176
55 114 176
187 114 176
82 114 176
124 162 176
127 162 176
131 176 162
196 162 176
202 176 162
170 83 176
118 83 176
113 83 176
79 83 176
81 83 176
124 163 184
168 184 163
179 163 184
106 163 184
41 184 185
165 185 184
179 185 184
97 185 184
135 186 184
29 186 184
115 186 184
194 184 186
122 186 184
135 147 184
110 147 184
57 184 147
58 147 184
215 147 184
136 89 184
157 89 184
124 89 184
43 89 184
9 89 184
16 187 184
51 187 184
24 184 187
178 187 184
69 184 187
160 140 184
214 140 184
115 184 140
60 184 140
194 184 140
136 188 184
55 188 184
110 188 184
108 188 184
86 188 184
15 10 184
5 10 184
174 10 184
175 184 10
67 10 184
25 49 184
186 49 184
140 49 184
205 49 184
159 25 184
163 25 184
214 25 184
18 25 184
117 25 184
135 25 184
55 25 184
56 25 184
127 25 184
131 25 184
181 25 184
113 25 184
148 25 184
61 25 184
189 25 184
86 25 184
38 25 184
106 25 184
11 25 184
194 25 184
144 25 184
145 25 184
201 184 25
73 25 184
98 25 184
114 25 184
32 25 184
77 25 184
134 13 184
138 13 184
113 13 184
105 13 184
202 13 184
167 190 189
172 190 189
129 190 189
111 190 189
123 191 190
42 191 190
45 190 191
125 192 190
56 190 192
143 192 190
78 192 190
126 193 190
6 193 190
25 193 190
88 193 190
165 99 190
106 99 190
196 99 190
201 99 190
162 194 190
125 194 190
79 194 190
81 194 190
1 91 190
18 91 190
59 190 91
105 195 190
172 195 190
170 195 190
173 195 190
8 195 190
125 10 190
21 10 190
127 10 190
48 10 190
97 10 190
155 114 190
123 114 190
112 114 190
164 114 190
168 114 190
95 114 190
56 114 190
177 114 190
58 114 190
186 114 190
174 114 190
187 114 190
28 114 190
35 114 190
102 114 190
105 114 190
182 114 190
29 114 190
71 114 190
72 114 190
202 114 190
98 114 190
111 114 190
120 114 190
94 114 190
114 114 190
122 114 190
78 114 190
100 114 190
40 114 190
209 114 190
82 114 190
112 94 190
126 94 190
17 94 190
169 94 190
49 94 190
128 104 190
92 104 190
26 104 190
129 190 104
65 104 190
15 197 196
121 197 196
8 197 196
113 197 196
87 197 196
144 197 191
100 191 197
29 197 191
151 197 191
4 191 197
213 98 197
70 98 197
151 98 197
45 98 197
138 198 197
93 198 197
172 199 197
175 197 199
41 199 197
212 199 197
5 33 197
203 197 33
81 33 197
189 33 197
105 33 197
205 33 197
100 131 197
177 197 131
81 131 197
35 131 197
63 131 197
157 197 200
126 197 200
17 200 197
127 197 200
22 10 197
138 10 197
107 10 197
39 10 197
82 10 197
22 49 197
170 49 197
191 49 197
38 49 197
97 49 197
56 103 197
174 103 197
173 103 197
102 103 197
64 103 197
20 104 197
11 104 197
182 104 197
26 104 197
209 104 197
155 201 136
182 201 136
27 136 201
107 201 136
73 201 136
130 202 136
58 202 136
64 202 136
49 202 136
13 202 136
21 203 136
195 136 203
91 203 136
209 203 136
99 136 204
129 204 136
185 204 136
193 204 136
116 136 204
95 205 136
181 136 205
191 205 136
158 136 206
61 206 136
80 206 136
95 34 136
138 34 136
141 34 136
196 34 136
116 34 136
59 207 136
105 207 136
49 207 136
72 136 207
74 207 136
184 208 136
215 208 136
107 208 136
44 208 136
81 208 136
164 209 136
148 209 136
140 209 136
89 209 136
159 133 136
167 133 136
65 133 136
34 133 136
204 133 136
158 83 136
55 83 136
110 83 136
39 83 136
71 83 136
126 210 211
7 210 211
200 211 210
14 211 210
152 211 210
126 211 202
56 202 211
58 202 211
49 211 202
73 202 211
161 212 211
172 211 212
26 211 212
9 211 212
118 213 211
179 213 211
187 213 211
194 213 211
151 213 211
157 206 211
10 211 206
29 211 206
196 211 206
99 211 150
24 211 150
60 211 150
73 211 150
114 150 211
21 211 22
186 22 211
185 22 211
193 211 22
201 22 211
62 48 211
96 48 211
184 48 211
139 48 211
62 48 211
104 142 211
2 142 211
130 142 211
196 142 211
118 214 211
148 214 211
189 214 211
83 214 211
145 214 211
151 214 211
109 211 215
177 215 211
38 211 215
217 211 215
157 67 216
126 67 216
5 67 216
168 67 216
56 216 67
123 217 67
112 217 67
126 217 67
121 217 67
105 217 67
43 217 67
164 67 218
18 218 67
66 67 218
8 219 67
182 219 67
198 67 219
44 219 67
116 219 67
161 220 67
113 220 67
69 220 67
74 220 67
209 220 67
166 34 67
168 34 67
7 34 67
145 34 67
68 34 67
98 67 221
16 221 67
145 221 67
207 221 67
207 221 67
171 222 67
144 222 67
33 222 67
152 222 67
212 222 67
124 142 67
84 67 142
192 142 67
64 142 67
70 142 67
15 67 223
163 223 67
148 223 67
208 223 67
117 51 67
52 51 67
22 51 67
26 51 67
170 51 67
62 51 67
18 192 224
41 192 224
11 192 224
93 192 224
199 192 224
124 192 225
171 192 225
84 225 192
215 192 225
63 225 192
191 192 226
43 226 192
49 226 192
100 192 226
74 192 226
193 227 192
65 227 192
76 192 227
154 192 227
78 192 227
129 192 32
191 192 32
63 192 32
90 192 32
45 32 192
43 192 228
93 192 228
202 192 228
151 192 228
210 192 228
101 229 192
8 192 229
193 229 192
93 229 192
116 229 192
171 230 192
11 230 192
31 230 192
14 230 192
208 192 230
10 192 71
7 192 71
189 192 71
62 192 71
15 11 192
135 11 192
18 192 11
8 192 11
58 192 11
128 231 192
137 231 192
73 231 192
37 192 231
1 134 192
10 134 192
23 134 192
213 192 134
212 192 134
23 232 179
34 179 232
190 232 179
147 179 232
175 179 233
137 179 233
177 179 233
113 233 179
30 179 233
175 179 234
37 179 234
6 235 179
84 235 179
13 235 179
122 179 235
83 235 179
54 179 236
48 179 236
13 236 179
45 236 179
158 237 179
99 179 237
22 237 179
49 179 237
78 237 179
127 58 179
129 58 179
184 58 179
85 179 58
3 58 179
120 179 238
149 238 179
193 179 238
142 238 179
45 238 179
95 239 179
176 179 239
182 239 179
25 239 179
67 179 239
214 81 179
101 179 81
110 81 179
113 81 179
211 81 179
21 175 179
127 175 179
110 175 179
210 175 179
134 179 13
168 13 179
59 13 179
198 13 179
91 13 179
30 241 240
188 241 240
123 242 240
62 242 240
72 242 240
94 240 242
99 243 240
167 243 240
181 243 240
28 243 240
192 240 243
172 148 240
185 148 240
63 148 240
198 240 148
209 148 240
167 100 240
61 100 240
189 100 240
197 100 240
74 100 240
20 173 240
171 240 173
182 240 173
36 173 240
71 173 240
19 240 60
1 60 240
180 60 240
25 60 240
78 60 240
155 37 240
22 37 240
131 37 240
89 37 240
157 162 240
108 240 162
187 162 240
141 162 240
107 162 240
18 39 240
22 39 240
10 39 240
26 39 240
91 39 240
109 64 218
129 64 218
24 64 218
108 64 218
14 64 218
100 244 218
130 244 218
180 218 244
139 218 244
30 244 218
57 245 218
29 218 245
138 245 218
21 44 218
58 44 218
2 44 218
8 44 218
71 44 218
47 236 218
172 236 218
129 236 218
30 236 218
91 236 218
92 246 218
130 246 218
186 246 218
66 246 218
165 247 218
55 247 218
144 247 218
66 247 218
212 247 218
88 70 218
49 70 218
197 70 218
82 70 218
70 161 218
190 161 218
194 161 218
107 218 161
5 102 218
57 218 102
41 102 218
13 102 218
154 102 218
17 218 133
47 133 218
102 133 218
140 218 133
111 133 218
136 13 218
64 13 218
97 13 218
76 13 218
33 13 218
136 249 248
125 249 248
25 249 248
13 249 248
127 250 249
2 250 249
42 250 249
187 249 250
14 249 250
51 251 249
21 251 249
105 251 249
151 249 251
5 249 252
24 252 249
82 249 252
28 252 249
14 252 249
174 181 249
127 181 249
110 181 249
74 181 249
78 181 249
104 45 249
131 45 249
139 249 45
77 45 249
119 45 249
148 21 249
145 21 249
116 21 249
208 249 21
5 249 47
140 249 47
76 249 47
122 47 249
119 47 249
129 249 161
143 161 249
111 161 249
91 161 249
5 49 249
24 49 249
140 49 249
154 49 249
212 49 249
19 253 249
108 249 253
139 253 249
148 249 253
65 249 253
21 249 51
24 51 249
190 51 249
141 51 249
201 51 249
121 254 255
101 255 254
180 254 255
185 254 255
87 255 254
3 256 254
88 256 254
111 256 254
214 257 254
127 257 254
110 257 254
107 257 254
76 257 254
163 258 254
148 254 258
142 254 258
146 258 254
81 254 258
133 254 259
188 259 254
144 259 254
116 259 254
196 20 254
93 254 20
72 254 20
157 260 254
46 254 260
53 260 254
21 260 254
5 260 254
166 260 254
47 260 254
121 260 254
95 260 254
10 260 254
128 260 254
2 254 260
43 254 260
213 260 254
107 260 254
197 260 254
97 260 254
70 260 254
154 260 254
119 260 254
91 260 254
208 254 260
95 254 70
176 70 254
25 254 70
62 254 70
133 48 254
104 48 254
48 254 48
68 48 254
72 254 48
56 209 254
110 209 254
180 209 254
30 209 254
164 261 254
84 261 254
184 261 254
27 261 254
140 261 254
16 51 254
47 51 254
63 51 254
31 51 254
73 51 254
19 262 263
86 262 263
66 262 263
67 262 263
68 262 263
162 264 262
201 262 264
73 262 264
9 264 262
131 265 262
153 265 262
93 265 262
152 265 262
161 266 262
189 262 266
69 262 266
199 262 266
75 262 266
135 267 262
160 267 262
127 267 262
88 267 262
69 262 267
58 90 262
48 90 262
13 262 90
34 90 262
138 46 262
186 46 262
89 46 262
14 262 46
165 262 112
177 112 262
213 262 112
39 262 112
158 239 262
68 239 262
94 239 262
103 262 239
156 72 262
29 262 72
111 262 72
82 72 262
51 38 262
120 38 262
67 38 262
76 38 262
128 262 268
21 268 262
105 268 262
197 262 268
68 268 262
157 18 269
149 18 269
26 18 269
34 18 269
40 18 269
101 18 270
98 18 270
45 18 270
33 18 270
125 18 271
65 271 18
74 271 18
120 18 271
47 272 18
140 272 18
91 18 272
80 272 18
155 18 273
16 273 18
17 273 18
18 273 18
162 18 159
47 18 159
168 159 18
98 159 18
50 18 229
48 229 18
39 18 229
205 18 229
179 18 200
181 18 200
94 18 200
203 18 200
147 18 200
214 18 274
21 18 274
44 274 18
40 274 18
208 274 18
189 18 37
147 18 37
145 18 37
76 37 18
87 18 37
146 18 103
88 103 18
200 103 18
87 103 18
211 103 18
54 26 18
172 18 26
86 26 18
82 26 18
160 276 275
144 275 276
147 275 276
201 275 276
128 277 276
121 277 276
195 277 276
142 277 276
207 277 276
41 276 278
21 278 276
108 278 276
141 278 276
154 276 278
19 276 198
89 198 276
198 198 276
52 279 276
193 279 276
147 279 276
71 279 276
154 276 279
167 79 276
6 79 276
145 79 276
202 79 276
210 79 276
8 140 276
30 140 276
81 140 276
197 140 276
71 140 276
10 80 276
194 80 276
203 276 80
76 80 276
116 80 276
33 80 276
38 93 276
141 93 276
64 93 276
205 93 276
208 93 276
46 61 276
180 61 276
184 61 276
86 61 276
114 61 276
146 103 276
63 103 276
201 103 276
150 103 276
217 103 276
159 280 276
84 280 276
64 280 276
45 280 276
100 280 276
133 281 282
173 282 281
138 282 281
102 281 282
66 282 281
177 282 283
7 283 282
184 282 283
31 282 283
46 282 284
103 282 284
216 284 282
191 282 284
89 282 284
66 282 284
187 282 285
189 282 285
49 282 285
197 282 285
42 282 286
181 282 286
14 282 286
44 286 282
77 282 286
109 282 287
55 287 282
29 282 287
48 287 282
4 287 282
138 282 111
142 282 111
39 282 111
207 111 282
209 282 111
57 132 282
179 132 282
11 132 282
199 132 282
205 132 282
112 113 282
24 282 113
188 282 113
102 113 282
14 113 282
52 282 24
125 24 282
213 282 24
114 24 282
133 162 282
180 282 162
184 162 282
89 282 162
69 162 282
15 13 282
124 13 282
135 13 282
156 13 282
154 13 282
41 288 108
175 288 108
42 108 288
89 108 288
39 108 288
129 289 108
138 108 289
102 289 108
90 108 289
83 108 289
21 252 108
174 252 108
71 252 108
63 252 108
39 252 108
187 6 108
198 6 108
200 6 108
33 6 108
60 108 290
71 108 290
73 290 108
163 291 108
57 291 108
41 291 108
202 291 108
100 291 108
56 292 108
131 292 108
143 292 108
207 292 108
83 292 108
123 36 108
46 36 108
126 36 108
13 36 108
90 36 108
15 142 108
127 142 108
215 142 108
97 142 108
94 108 142
123 82 108
216 82 108
80 82 108
111 82 108
206 82 108
175 13 108
24 13 108
142 13 108
65 13 108
33 13 108
158 293 294
205 293 294
154 293 294
209 294 293
160 295 293
147 295 293
14 293 295
75 295 293
23 293 289
42 293 289
8 289 293
195 293 289
32 293 289
19 296 293
126 296 293
118 296 293
66 296 293
93 296 293
158 120 293
127 120 293
187 120 293
204 120 293
211 120 293
183 130 293
146 130 293
93 130 293
71 130 293
94 130 293
92 21 293
48 21 293
115 21 293
194 21 293
142 21 293
23 293 297
118 297 293
186 297 293
188 297 293
201 293 297
55 222 293
183 222 293
39 222 293
77 222 293
78 222 293
51 142 293
173 142 293
150 142 293
151 293 142
40 142 293
155 298 293
98 298 293
56 298 293
103 298 293
52 293 215
47 215 293
192 215 293
107 215 293
2 299 52
137 299 52
105 299 52
145 299 52
3 299 52
52 299 178
46 299 178
129 299 178
188 178 299
32 299 178
21 300 299
47 299 300
113 300 299
190 299 300
85 299 300
21 299 301
54 299 301
201 299 301
75 299 301
94 299 301
110 78 299
57 78 299
7 78 299
10 302 299
29 302 299
85 302 299
90 302 299
78 302 299
123 182 299
157 182 299
50 182 299
162 182 299
163 182 299
117 182 299
121 182 299
168 182 299
54 182 299
169 182 299
132 182 299
172 182 299
173 182 299
101 182 299
108 182 299
131 182 299
213 182 299
6 182 299
176 182 299
30 182 299
187 182 299
189 182 299
120 182 299
11 182 299
193 182 299
178 182 299
88 299 182
142 182 299
68 182 299
14 182 299
146 182 299
37 182 299
114 182 299
45 182 299
78 182 299
40 182 299
208 182 299
100 182 299
92 303 299
42 303 299
188 303 299
195 303 299
97 303 299
65 299 208
73 299 208
202 299 208
45 208 299
100 208 299
183 299 24
36 24 299
146 24 299
210 299 24
177 299 50
167 50 299
60 50 299
93 50 299
111 50 299
173 299 268
153 268 299
64 299 268
75 268 299
41 119 304
196 119 304
147 119 304
83 119 304
84 119 185
202 119 185
76 185 119
40 119 185
176 119 77
60 119 77
85 119 77
97 77 119
119 119 77
1 119 305
176 119 305
66 305 119
34 119 305
151 119 305
101 119 306
173 119 306
197 119 306
40 119 306
58 100 119
18 100 119
105 100 119
88 119 100
68 100 119
88 119 121
39 119 121
151 121 119
203 119 121
209 119 121
53 307 119
193 307 119
150 307 119
82 119 307
25 113 119
62 113 119
39 113 119
74 113 119
212 113 119
134 119 102
169 102 119
60 119 102
182 102 119
90 102 119
96 308 119
85 308 119
202 308 119
90 308 119
210 308 119
158 280 119
117 280 119
5 280 119
213 280 119
204 280 119
146 216 172
56 216 172
145 172 216
90 172 216
81 172 216
58 309 172
139 172 309
122 309 172
136 310 172
28 310 172
80 310 172
204 310 172
32 310 172
53 311 172
118 311 172
145 311 172
217 311 172
45 311 172
124 172 129
125 172 129
198 129 172
24 172 187
73 187 172
74 172 187
204 187 172
55 58 172
105 58 172
145 58 172
150 58 172
210 172 58
22 122 172
216 122 172
96 122 172
89 122 172
75 122 172
167 48 172
200 48 172
202 48 172
91 48 172
10 151 172
137 151 172
154 151 172
82 151 172
214 115 172
177 115 172
48 172 115
28 115 172
182 215 172
64 215 172
93 172 215
13 172 215
128 312 31
162 31 312
92 31 312
119 31 312
48 313 31
139 313 31
215 313 31
75 31 313
81 313 31
101 31 314
63 31 314
3 31 314
116 31 314
171 31 204
113 31 204
33 204 31
71 31 204
94 31 204
9 31 204
25 315 31
182 315 31
143 31 315
202 315 31
87 31 315
112 31 149
47 31 149
35 149 31
14 31 149
154 149 31
15 21 31
160 21 31
52 21 31
92 31 21
214 31 316
176 316 31
184 316 31
153 316 31
72 316 31
133 36 31
120 36 31
163 31 36
53 36 31
125 36 31
177 36 31
155 142 31
160 142 31
57 142 31
29 31 142
131 142 31
8 94 31
27 94 31
192 94 31
74 94 31
44 31 94
127 317 31
177 317 31
185 317 31
140 31 317
14 317 31
20 319 318
174 318 319
177 319 318
167 319 283
57 283 319
115 319 283
68 319 283
1 320 319
102 320 319
89 320 319
151 320 319
77 320 319
51 319 198
134 319 198
69 319 198
13 198 319
158 138 319
24 138 319
166 138 319
93 138 319
4 319 138
126 130 319
48 130 319
96 130 319
98 130 319
105 182 319
173 182 319
7 182 319
149 182 319
14 182 319
18 319 321
199 321 319
107 161 319
145 161 319
151 161 319
209 161 319
92 214 319
173 214 319
96 214 319
185 214 319
139 214 319
142 317 319
204 317 319
87 317 319
83 317 319
19 315 322
101 315 322
186 315 322
187 315 322
212 315 322
15 323 315
51 315 323
112 315 323
134 323 315
177 323 315
7 315 323
179 315 323
158 315 324
17 324 315
179 324 315
111 324 315
32 324 315
26 55 315
132 55 315
198 55 315
156 315 55
211 315 55
109 315 325
164 315 325
130 315 325
118 315 325
213 315 325
59 325 315
172 315 187
170 187 315
177 315 187
139 315 187
79 315 187
16 315 91
20 315 91
131 315 91
48 315 91
189 315 91
163 132 315
11 132 315
142 132 315
208 132 315
63 48 315
64 48 315
67 48 315
198 48 315
75 48 315
50 315 81
185 81 315
30 81 315
13 81 315
102 231 315
198 315 231
114 231 315
33 315 231
87 315 231
123 13 315
47 315 13
129 13 315
25 13 315
215 13 315
130 19 326
139 19 326
14 326 19
75 326 19
87 19 326
180 19 327
120 19 327
70 19 327
71 327 19
162 19 242
167 242 19
18 19 242
172 19 242
63 19 242
98 235 19
38 19 235
39 19 235
120 19 235
78 19 235
5 205 19
192 19 205
74 19 205
77 19 205
83 19 205
147 79 19
93 19 79
151 79 19
206 19 79
122 79 19
149 34 19
69 34 19
70 34 19
40 34 19
212 34 19
15 19 238
125 238 19
180 238 19
189 238 19
119 238 19
213 222 19
150 19 222
78 222 19
116 222 19
19 114 19
117 114 19
179 114 19
86 114 19
188 114 19
104 12 19
181 12 19
83 12 19
13 12 19
204 12 19
79 12 19
110 39 19
118 39 19
186 39 19
78 39 19
158 328 318
55 328 318
127 328 318
177 318 328
25 328 318
117 329 328
54 329 328
129 329 328
167 329 328
71 330 328
142 328 330
97 330 328
108 331 328
186 331 328
86 331 328
122 331 328
33 331 328
2 332 328
36 332 328
140 332 328
44 332 328
81 332 328
52 206 328
48 328 206
189 328 206
81 328 206
181 34 328
187 34 328
86 34 328
93 34 328
60 122 328
66 122 328
143 122 328
32 122 328
33 122 328
163 36 328
132 36 328
128 36 328
29 36 328
111 36 328
5 49 328
202 49 328
151 49 328
154 49 328
212 49 328
168 115 328
128 328 115
2 115 328
38 115 328
143 115 328
124 134 328
55 134 328
96 134 328
198 134 328
63 181 333
107 181 333
200 181 333
34 181 333
79 181 333
112 181 334
61 181 334
190 181 334
143 181 334
78 181 334
54 181 335
96 181 335
148 181 335
71 181 335
107 181 335
201 181 335
136 181 157
213 181 157
107 181 157
68 181 157
100 181 157
42 181 336
194 181 336
200 181 336
205 181 336
90 181 336
159 181 337
145 181 337
10 181 337
33 181 337
83 181 337
61 181 140
71 181 140
74 181 140
75 181 140
154 181 140
39 181 338
45 181 338
119 181 338
91 181 338
124 181 48
52 181 48
1 181 48
182 48 181
36 181 48
123 181 61
214 61 181
95 181 61
187 181 61
116 181 61
165 181 50
114 181 50
34 181 50
204 181 50
207 50 181
125 181 83
134 181 83
142 181 83
144 181 83
40 181 83
121 267 65
171 267 65
39 267 65
79 267 65
121 267 97
7 267 97
145 267 97
80 97 267
83 267 97
164 267 211
165 211 267
35 267 211
120 267 211
32 211 267
131 267 339
64 339 267
35 267 339
88 267 339
161 267 158
60 158 267
78 267 158
92 267 45
102 267 45
86 267 45
81 45 267
21 291 267
178 291 267
24 267 291
108 291 267
35 291 267
59 340 267
153 267 340
189 267 340
151 267 340
80 340 267
142 267 48
197 267 48
98 48 267
45 267 48
77 48 267
46 142 267
129 267 142
188 267 142
156 142 267
72 142 267
25 267 26
74 267 26
37 267 26
44 267 26
32 267 26
124 341 220
20 341 220
23 220 341
198 220 341
19 220 342
84 220 342
150 220 342
94 220 342
208 220 342
64 220 343
198 220 343
72 343 220
46 344 220
129 344 220
35 344 220
201 344 220
94 344 220
158 345 220
178 220 345
134 345 220
193 345 220
162 220 130
59 130 220
64 220 130
178 220 130
63 220 130
167 46 220
176 46 220
61 220 46
38 46 220
136 80 220
101 80 220
106 80 220
34 80 220
144 36 220
13 36 220
34 36 220
79 36 220
65 142 220
150 220 142
3 142 220
94 142 220
76 220 142
23 214 220
7 214 220
43 214 220
144 214 220
83 214 220
24 39 220
149 39 220
38 39 220
154 39 220
91 39 220
165 120 263
174 120 263
71 120 263
141 120 263
94 263 120
155 346 120
108 120 346
88 120 346
14 120 346
152 120 346
50 120 226
131 120 226
171 120 226
69 226 120
23 120 226
121 120 204
82 120 204
183 120 204
25 120 204
186 120 204
16 120 328
24 120 328
143 120 328
77 120 328
78 120 328
171 120 347
193 120 347
31 120 347
45 120 347
91 120 347
7 121 120
41 120 121
35 120 121
32 121 120
95 120 221
49 120 221
75 221 120
79 120 221
211 120 221
121 120 36
110 36 120
156 36 120
70 120 36
107 36 120
155 61 120
120 61 120
140 61 120
151 61 120
208 61 120
20 94 120
95 94 120
185 94 120
204 94 120
208 94 120
177 120 39
180 39 120
138 39 120
153 120 39
94 39 120
60 348 349
141 349 348
90 348 349
33 349 348
211 349 348
20 349 184
61 349 184
76 349 184
94 184 349
76 349 184
110 349 350
33 349 350
65 349 350
76 349 350
32 349 350
116 350 349
165 349 266
215 266 349
143 349 266
82 349 266
23 351 349
196 349 351
39 349 351
150 349 351
45 349 351
1 349 352
84 352 349
3 349 352
111 352 349
77 349 352
96 58 349
188 58 349
194 349 58
63 349 58
198 58 349
158 307 349
52 349 307
43 349 307
193 307 349
3 349 307
51 36 349
46 36 349
168 349 36
107 349 36
67 36 349
179 349 72
196 72 349
116 349 72
19 349 115
202 349 115
90 115 349
113 134 349
27 134 349
36 134 349
86 134 349
161 353 354
109 353 354
65 353 354
205 354 353
206 353 354
215 353 355
195 353 355
142 353 355
94 353 355
208 353 355
162 353 171
132 353 171
170 353 171
172 353 171
189 353 171
21 353 356
6 353 356
190 353 356
195 353 356
81 353 356
186 353 357
187 353 357
44 357 353
116 353 357
158 69 353
47 353 69
85 353 69
154 353 69
166 353 46
6 353 46
102 353 46
107 353 46
79 353 46
128 353 9
163 353 9
69 353 9
132 353 9
56 353 9
51 353 239
126 353 239
56 353 239
135 239 353
105 353 239
178 353 142
2 142 353
59 353 142
201 353 142
74 353 142
46 175 353
179 353 175
42 175 353
73 175 353
50 39 353
214 353 39
28 39 353
156 39 353
66 39 353
120 228 358
110 228 358
65 228 358
76 228 358
199 228 358
114 228 358
25 359 228
93 359 228
201 359 228
13 228 359
133 360 228
161 360 228
46 360 228
47 360 228
172 360 228
17 228 361
95 228 361
139 228 362
35 362 228
73 362 228
210 362 228
126 347 228
7 347 228
58 347 228
177 228 150
42 150 228
197 150 228
136 47 228
137 47 228
190 47 228
69 228 47
82 47 228
108 228 363
140 228 363
144 363 228
98 228 24
3 24 228
13 24 228
58 152 228
61 152 228
150 152 228
80 152 228
83 152 228
6 268 228
175 268 228
59 268 228
38 268 228
119 228 268
148 364 110
149 364 110
85 364 110
74 110 364
83 364 110
50 110 365
182 365 110
142 110 365
146 271 110
66 271 110
44 271 110
116 271 110
117 299 110
169 299 110
2 299 110
182 299 110
20 366 110
121 366 110
173 366 110
42 366 110
43 366 110
41 302 110
127 302 110
153 302 110
73 302 110
211 302 110
61 291 110
35 291 110
13 291 110
80 291 110
82 291 110
125 367 110
17 367 110
29 367 110
204 367 110
78 367 110
108 363 110
40 110 363
197 363 110
79 363 110
2 24 110
188 24 110
189 110 24
93 110 24
130 175 110
118 175 110
30 175 110
200 175 110
73 175 110
56 123 110
134 123 110
31 123 110
66 123 110
151 123 110
172 369 368
71 369 368
202 369 368
75 368 369
152 369 368
155 16 369
165 16 369
166 16 369
69 369 16
185 369 16
61 369 16
6 369 179
120 179 369
147 369 179
209 179 369
21 369 370
11 369 370
44 369 370
32 369 370
133 345 369
106 345 369
6 369 345
59 369 345
34 345 369
160 79 369
54 79 369
101 79 369
44 369 79
82 79 369
17 369 140
84 140 369
139 369 140
67 369 140
149 369 47
202 369 47
62 369 47
90 47 369
184 369 239
70 369 239
143 369 239
69 369 239
208 369 239
155 142 369
190 142 369
88 369 142
114 142 369
76 369 142
165 369 371
1 369 371
126 369 371
93 371 369
123 369 134
175 134 369
182 134 369
86 134 369
208 369 134
112 373 372
172 373 372
111 373 372
78 373 372
79 373 372
1 373 16
120 16 373
146 373 16
65 373 16
50 330 373
138 373 330
70 330 373
44 373 330
87 330 373
167 88 373
129 88 373
197 88 373
203 88 373
119 88 373
166 373 374
168 373 374
26 373 374
37 373 374
26 373 375
179 375 373
131 375 373
43 373 375
103 373 375
178 121 373
139 121 373
27 121 373
49 121 373
145 373 121
214 373 367
180 367 373
100 373 367
3 367 373
202 367 373
135 113 373
84 113 373
86 113 373
207 113 373
207 113 373
15 81 373
172 373 81
27 81 373
182 373 81
73 373 81
16 25 373
92 25 373
127 25 373
177 25 373
122 25 373
16 83 373
191 83 373
80 83 373
71 83 373
14 83 373
184 302 376
30 302 376
107 302 376
75 376 302
32 302 376
10 302 117
137 302 117
190 302 117
37 302 117
211 302 117
131 302 343
183 302 343
148 302 343
197 302 343
72 302 343
104 302 377
107 302 377
201 302 377
91 302 377
87 302 377
52 302 319
167 302 319
6 302 319
95 302 319
209 302 319
58 302 373
199 302 373
80 302 373
37 302 373
208 302 373
168 302 111
203 111 302
30 302 111
86 302 111
197 302 111
3 302 111
52 302 22
161 302 22
135 302 22
181 302 22
142 302 22
18 302 274
129 302 274
58 302 274
33 274 302
217 302 274
122 302 274
174 302 142
184 302 142
143 302 142
202 302 142
81 302 142
214 302 50
186 50 302
139 50 302
77 50 302
98 83 302
161 302 83
115 302 83
100 302 83
13 302 83
206 302 83
161 159 378
46 159 378
117 159 378
198 159 378
44 378 159
163 159 379
134 159 379
95 159 379
105 159 379
63 159 379
191 159 380
103 159 380
40 159 380
158 159 381
159 159 381
124 159 381
161 159 381
99 159 381
162 159 381
126 159 381
165 159 381
22 159 381
47 159 381
118 159 381
137 159 381
184 159 381
153 159 381
30 159 381
38 159 381
141 159 381
106 159 381
194 159 381
63 159 381
107 159 381
197 381 159
67 159 381
143 159 381
198 159 381
69 159 381
201 159 381
111 159 381
76 159 381
119 381 159
33 159 381
40 159 381
116 159 381
212 159 381
160 159 273
57 159 273
118 159 273
65 273 159
191 159 273
84 130 159
138 159 130
148 130 159
3 130 159
12 130 159
40 150 159
160 159 150
24 150 159
216 159 150
58 159 150
117 159 70
112 159 70
25 159 70
62 159 70
176 159 70
20 222 159
24 222 159
36 222 159
198 222 159
72 222 159
123 61 159
38 61 159
49 61 159
90 61 159
116 61 159
165 159 253
134 253 159
10 253 159
80 253 159
162 104 159
20 104 159
41 104 159
120 104 159
212 159 104
42 167 288
59 167 288
190 167 288
109 167 288
34 167 288
162 167 382
104 167 382
135 167 382
34 382 167
194 382 167
47 320 167
101 320 167
96 167 320
90 320 167
33 167 320
166 167 383
26 167 383
169 167 383
16 167 129
68 129 167
44 167 129
4 129 167
174 337 167
176 337 167
103 337 167
83 167 337
172 167 140
171 167 140
41 140 167
108 167 140
94 167 140
53 167 384
134 167 384
180 167 384
63 167 384
88 167 384
42 167 36
43 167 36
141 167 36
67 36 167
151 36 167
136 61 167
55 61 167
29 61 167
181 61 167
213 167 61
112 167 385
164 385 167
84 385 167
196 385 167
103 385 167
18 167 73
58 167 73
140 73 167
193 73 167
64 73 167
157 100 358
168 100 358
169 100 358
88 358 100
97 100 358
155 100 386
16 100 386
57 100 386
120 100 386
37 100 386
132 100 211
108 100 211
58 100 211
107 100 211
91 100 211
169 100 387
103 100 387
23 387 100
29 100 387
12 100 387
112 100 388
125 100 388
110 100 388
143 100 388
119 100 388
216 100 139
65 100 139
66 100 139
146 100 139
103 100 139
22 100 46
142 100 46
31 100 46
198 46 100
191 100 46
161 100 174
181 100 174
96 100 174
60 100 174
37 100 174
133 100 48
117 100 48
93 100 48
79 100 48
41 100 24
22 100 24
101 100 24
58 100 24
194 100 24
112 100 371
53 100 371
5 100 371
166 100 371
76 100 371
53 100 280
165 280 100
92 100 280
197 100 280
201 100 280
158 246 389
117 246 389
46 246 389
10 246 389
90 246 389
117 390 246
168 246 390
138 246 390
139 390 246
143 246 390
46 246 284
166 246 284
169 246 284
185 246 284
49 246 284
123 246 243
66 246 243
69 243 246
32 246 243
35 246 6
111 246 6
74 246 6
83 246 6
38 167 246
106 246 167
93 246 167
203 246 167
82 246 167
160 182 246
107 182 246
39 182 246
3 182 246
205 182 246
18 246 9
135 246 9
176 9 246
7 246 9
90 246 9
133 246 71
113 71 246
61 246 71
87 246 71
100 71 246
56 142 246
193 142 246
195 246 142
122 142 246
157 152 246
104 152 246
95 152 246
80 152 246
114 152 246
113 39 246
147 39 246
80 39 246
204 39 246
82 39 246
137 391 40
48 391 40
113 391 40
14 391 40
209 391 40
41 391 346
177 346 391
60 346 391
200 391 346
122 391 346
38 391 211
204 391 211
76 391 211
32 391 211
77 391 211
165 391 157
23 391 157
44 391 157
40 391 157
209 391 157
5 391 109
106 391 109
199 391 109
152 391 109
211 391 109
50 302 391
214 302 391
7 302 391
77 302 391
104 391 8
147 8 391
78 8 391
91 391 8
155 391 112
128 391 112
161 391 112
146 391 112
139 391 112
172 391 161
177 391 161
48 391 161
28 391 161
111 391 161
98 391 102
183 391 102
65 391 102
154 391 102
105 175 391
171 391 175
148 175 391
143 391 175
208 391 175
86 391 63
144 391 63
80 391 63
217 391 63
83 391 63
124 229 15
96 229 15
66 229 15
74 229 15
9 229 15
135 229 392
95 229 392
75 392 229
90 392 229
82 229 392
47 229 77
176 77 229
81 77 229
215 229 77
168 119 229
169 119 229
138 119 229
139 119 229
208 229 119
51 229 393
173 229 393
148 229 393
81 229 393
22 45 229
170 229 45
173 229 45
88 45 229
65 45 229
62 8 229
143 8 229
202 229 8
82 8 229
125 340 229
18 340 229
29 229 340
75 229 340
154 340 229
15 71 229
170 71 229
149 229 71
206 229 71
79 71 229
172 81 229
61 229 81
94 81 229
33 229 81
92 229 12
36 12 229
140 12 229
31 12 229
97 12 229
52 229 134
29 229 134
138 229 134
33 134 229
50 291 2
172 291 2
213 291 2
140 291 2
9 2 291
92 291 233
127 291 233
7 291 233
72 291 233
154 291 233
1 291 211
134 291 211
127 291 211
193 291 211
152 291 211
28 291 394
75 291 394
94 291 394
205 291 394
78 394 291
123 291 32
184 291 32
38 291 32
176 32 291
116 291 32
6 57 291
8 291 57
153 291 57
144 291 57
34 291 57
123 291 91
101 291 91
62 291 91
66 291 91
45 91 291
63 291 141
93 141 291
91 291 141
183 60 291
182 291 60
197 291 60
94 291 60
33 60 291
15 37 291
58 291 37
57 291 37
43 291 37
14 291 37
15 231 291
160 291 231
113 291 231
67 291 231
83 291 231
151 291 231
69 268 291
188 291 268
140 268 291
72 291 268
111 291 268
21 46 269
169 46 269
71 46 269
190 46 269
146 46 269
123 42 46
198 46 42
45 42 46
116 46 42
87 42 46
177 300 46
6 300 46
60 46 300
64 300 46
149 46 300
160 46 193
199 193 46
32 193 46
119 46 193
187 78 46
93 46 78
150 46 78
71 46 78
111 78 46
158 130 46
172 130 46
49 46 130
73 130 46
81 130 46
52 131 46
142 131 46
73 131 46
206 131 46
155 395 46
165 395 46
92 46 395
73 46 395
83 395 46
136 46 161
27 161 46
196 161 46
151 161 46
41 209 46
183 209 46
190 46 209
32 46 209
123 298 46
57 46 298
23 46 298
213 46 298
183 298 46
84 123 46
137 123 46
83 123 46
68 123 46
94 123 46
206 123 46
50 182 396
110 182 396
101 182 396
75 182 396
116 182 396
133 182 397
155 182 397
24 182 397
43 182 397
114 182 397
133 182 107
155 182 107
15 182 107
156 182 107
136 182 107
123 182 107
157 182 107
128 182 107
19 182 107
50 182 107
52 182 107
158 182 107
159 182 107
117 182 107
160 182 107
98 182 107
124 182 107
41 182 107
16 182 107
161 182 107
51 182 107
99 182 107
165 182 107
162 182 107
112 182 107
46 182 107
163 182 107
53 182 107
214 182 107
1 182 107
125 182 107
167 182 107
126 182 107
109 182 107
164 182 107
20 182 107
21 182 107
17 182 107
5 182 107
56 182 107
58 182 107
166 182 107
178 182 107
135 182 107
18 182 107
191 182 107
6 182 107
47 182 107
104 182 107
92 182 107
134 182 107
55 182 107
168 107 182
121 182 107
105 182 107
22 182 107
131 182 107
26 182 107
69 182 107
169 182 107
132 182 107
101 182 107
172 182 107
170 182 107
122 182 107
171 182 107
84 182 107
49 182 107
95 182 107
146 182 107
10 182 107
174 182 107
173 182 107
175 182 107
127 182 107
110 182 107
129 182 107
57 182 107
176 182 107
137 182 107
2 182 107
130 182 107
23 107 182
177 182 107
118 182 107
7 182 107
29 182 107
179 182 107
180 182 107
24 182 107
108 182 107
216 182 107
181 182 107
8 182 107
43 182 107
82 182 107
182 182 107
48 182 107
138 182 107
213 182 107
153 182 107
113 182 107
96 182 107
59 182 107
183 182 107
184 182 107
186 182 107
25 182 107
139 182 107
30 182 107
148 182 107
27 182 107
187 182 107
115 182 107
28 182 107
188 182 107
61 182 107
60 182 107
64 182 107
35 182 107
81 182 107
102 182 107
149 182 107
36 182 107
62 182 107
86 182 107
120 182 107
190 182 107
38 182 107
215 182 107
140 182 107
141 182 107
106 182 107
192 182 107
11 182 107
199 182 107
193 182 107
85 182 107
194 182 107
195 182 107
63 182 107
196 182 107
88 182 107
89 182 107
142 182 107
197 182 107
107 182 107
31 182 107
97 182 107
65 182 107
144 182 107
66 182 107
143 182 107
67 182 107
147 182 107
39 182 107
80 182 107
93 182 107
12 182 107
198 107 182
83 182 107
200 182 107
145 182 107
68 182 107
70 182 107
201 182 107
150 182 107
3 182 107
71 182 107
72 182 107
13 182 107
73 182 107
103 182 107
34 182 107
14 182 107
202 182 107
202 182 107
111 182 107
151 182 107
74 182 107
37 182 107
44 182 107
75 182 107
94 182 107
217 182 107
114 182 107
205 182 107
204 182 107
76 182 107
90 182 107
9 182 107
154 182 107
203 182 107
152 182 107
206 182 107
32 182 107
45 182 107
77 182 107
119 182 107
78 182 107
100 182 107
79 182 107
33 182 107
116 182 107
40 182 107
91 182 107
207 182 107
208 182 107
87 182 107
209 182 107
210 182 107
211 182 107
212 182 107
4 182 107
132 182 387
173 182 387
10 182 387
129 182 387
61 182 387
7 182 99
108 182 99
146 182 99
65 182 99
111 182 99
136 182 90
29 182 90
108 182 90
30 182 90
36 182 90
15 182 140
135 182 140
160 182 140
128 182 140
144 182 140
19 182 221
168 182 221
153 182 221
195 182 221
32 182 221
157 182 23
52 182 23
187 182 23
38 182 23
33 182 23
158 182 102
117 182 102
164 182 102
176 182 102
64 182 102
124 182 308
164 182 308
139 308 182
144 182 308
73 182 308
46 182 73
7 182 73
149 182 73
64 182 73
3 182 73
84 8 398
70 8 398
193 398 8
89 8 398
142 8 398
53 8 399
7 8 399
144 8 399
211 8 399
58 171 8
137 8 171
215 8 171
16 8 166
166 8 166
172 166 8
24 8 166
148 166 8
82 8 400
60 400 8
37 8 400
208 8 400
161 401 8
81 8 401
12 8 401
145 401 8
76 8 401
6 34 8
22 34 8
29 34 8
144 34 8
67 34 8
135 8 384
105 8 384
39 8 384
202 384 8
208 8 384
113 8 208
64 8 208
81 208 8
114 8 208
4 8 208
115 8 102
146 8 102
94 8 102
140 8 82
69 82 8
39 82 8
40 82 8
100 82 8
118 51 8
113 51 8
89 8 51
77 51 8
163 21 326
22 21 326
153 21 326
97 21 326
98 21 326
159 66 21
57 21 66
31 66 21
69 21 66
18 21 402
92 402 21
42 21 402
149 402 21
73 402 21
15 331 21
160 331 21
149 331 21
68 331 21
19 21 403
175 21 403
28 21 403
102 21 403
209 403 21
52 21 7
213 21 7
192 21 7
194 21 7
147 21 7
168 182 21
181 182 21
115 182 21
60 182 21
91 182 21
57 21 404
190 21 404
142 21 404
37 21 404
1 21 363
24 21 363
31 21 363
68 21 363
116 21 363
18 21 102
54 102 21
148 102 21
93 21 102
199 102 21
55 175 21
65 21 175
199 21 175
206 21 175
203 175 21
15 73 21
99 21 73
55 21 73
173 21 73
73 73 21
160 150 405
21 150 405
54 150 405
35 150 405
72 150 405
136 150 406
28 150 406
193 150 406
152 406 150
18 150 242
54 150 242
186 150 242
187 150 242
70 242 150
161 227 150
164 150 227
140 150 227
44 150 227
209 227 150
171 388 150
84 150 388
33 388 150
37 388 150
131 407 150
180 407 150
188 150 407
88 407 150
45 407 150
136 291 150
124 291 150
153 291 150
61 291 150
161 112 150
128 112 150
28 150 112
163 150 161
1 150 161
6 161 150
213 150 142
171 150 142
75 150 142
178 150 408
127 408 150
57 408 150
153 150 408
9 150 408
129 150 268
2 268 150
43 268 150
151 268 150
173 121 281
137 121 281
193 121 281
39 121 281
87 121 281
86 121 309
194 121 309
144 121 309
151 121 309
7 234 121
41 121 234
145 121 234
78 121 234
43 121 301
28 121 301
143 121 301
98 121 301
51 121 336
49 121 336
67 336 121
198 121 336
79 336 121
54 409 121
115 409 121
189 409 121
29 121 409
77 409 121
136 121 91
56 121 91
128 121 91
43 121 91
106 121 91
95 188 121
181 188 121
120 188 121
141 188 121
19 121 274
17 274 121
117 274 121
104 274 121
104 121 209
181 121 209
14 209 121
76 121 209
23 133 121
137 133 121
75 121 133
209 133 121
53 13 121
137 121 13
197 13 121
37 13 121
78 13 121
2 131 52
186 131 52
199 131 52
114 131 52
122 131 52
170 131 397
102 131 397
199 131 397
201 397 131
152 131 397
148 131 43
189 131 43
149 131 43
88 43 131
172 131 383
138 131 383
183 131 383
120 131 383
34 131 383
15 109 131
191 131 109
27 131 109
193 131 109
79 131 109
164 131 410
17 131 410
171 131 410
128 410 131
102 131 410
159 182 131
176 182 131
177 131 182
23 131 182
33 182 131
50 131 141
84 141 131
131 131 141
81 131 141
154 131 141
46 274 131
213 274 131
113 131 274
140 274 131
208 274 131
166 114 131
2 114 131
118 114 131
185 114 131
44 114 131
155 50 131
98 50 131
42 50 131
105 50 131
103 50 131
110 131 317
102 131 317
150 317 131
146 317 131
101 173 372
113 173 372
185 173 372
201 173 372
119 173 372
117 173 143
54 173 143
7 173 143
58 173 143
36 173 143
133 173 411
105 173 411
102 173 411
194 173 411
14 173 411
164 173 204
60 173 204
200 204 173
78 173 204
87 173 204
133 173 336
62 336 173
190 173 336
141 336 173
151 173 336
129 173 237
96 173 237
61 173 237
188 173 237
213 46 173
118 173 46
200 173 46
14 173 46
32 173 46
1 173 384
174 173 384
115 173 384
3 173 384
90 173 384
109 173 161
47 173 161
118 173 161
113 173 161
77 173 161
15 173 49
127 49 173
103 173 49
76 49 173
152 49 173
184 115 173
143 173 115
34 115 173
98 115 173
185 83 173
60 173 83
89 83 173
100 83 173
214 47 288
109 47 288
5 47 288
129 47 288
123 399 47
117 399 47
153 399 47
33 47 399
133 47 412
161 412 47
27 47 412
141 412 47
85 412 47
101 47 361
173 47 361
43 47 361
186 47 361
205 47 361
181 78 47
182 47 78
66 78 47
147 78 47
44 78 47
127 369 47
29 47 369
25 369 47
67 369 47
26 182 47
30 182 47
27 182 47
86 182 47
39 182 47
16 174 47
131 174 47
122 174 47
39 47 174
96 60 47
38 47 60
73 47 60
161 49 47
51 49 47
18 49 47
61 49 47
124 94 47
129 94 47
30 94 47
44 94 47
79 94 47
121 73 47
48 47 73
153 73 47
195 47 73
126 303 413
22 303 413
42 303 413
113 303 413
61 303 413
163 390 303
183 303 390
63 303 390
66 303 390
34 303 390
109 303 414
178 414 303
179 303 414
181 303 414
132 303 252
101 303 252
131 303 252
44 303 252
33 303 252
10 303 366
60 303 366
49 303 366
87 303 366
212 303 366
57 303 287
186 303 287
111 303 287
162 303 260
191 303 260
184 303 260
37 303 260
91 260 303
157 303 404
158 303 404
115 303 404
89 303 404
94 303 404
124 303 113
125 113 303
118 113 303
48 113 303
58 113 303
126 114 303
95 114 303
2 303 114
180 114 303
213 114 303
40 261 303
123 303 261
57 261 303
111 303 261
157 63 303
168 303 63
153 303 63
144 303 63
83 303 63
160 174 2
169 174 2
131 174 2
89 174 2
150 174 2
163 174 415
47 174 415
85 174 415
107 174 415
10 174 416
61 174 416
88 174 416
67 174 416
73 174 416
162 174 227
163 227 174
30 174 227
187 227 174
83 174 227
173 357 174
62 357 174
75 174 357
18 174 417
60 174 417
156 174 417
73 174 417
117 260 174
52 260 174
55 260 174
167 260 174
165 174 292
22 292 174
189 292 174
193 174 292
44 292 174
51 174 239
183 174 239
68 174 239
201 174 239
77 174 239
19 37 174
171 174 37
59 37 174
40 37 174
73 37 174
43 94 174
106 94 174
143 174 94
34 94 174
170 123 174
173 123 174
118 174 123
195 123 174
152 123 174
50 316 418
69 418 316
180 316 418
138 316 418
150 316 418
123 316 355
92 316 355
173 316 355
105 316 355
22 380 316
179 316 380
147 316 380
14 316 380
78 316 380
155 316 262
136 316 262
158 316 262
162 316 262
99 262 316
167 316 262
54 316 262
23 316 262
179 316 262
96 316 262
25 316 262
28 316 262
36 316 262
120 316 262
182 316 262
196 316 262
88 316 262
197 316 262
66 316 262
147 316 262
198 316 262
69 316 262
156 316 262
151 316 262
176 316 262
62 316 262
90 316 262
45 316 262
79 262 316
91 316 262
81 262 316
208 316 262
116 316 262
214 316 403
165 316 403
72 403 316
152 403 316
51 316 237
167 316 237
57 316 237
131 316 237
139 316 237
159 182 316
160 182 316
99 182 316
67 182 316
14 182 316
17 316 367
121 316 367
12 367 316
145 316 367
74 316 367
133 316 239
161 239 316
164 316 239
57 316 239
143 316 239
159 419 316
92 419 316
187 419 316
97 316 419
41 25 316
51 25 316
22 25 316
67 25 316
199 25 316
19 316 26
179 316 26
8 316 26
140 26 316
67 316 26
160 421 420
164 421 420
136 421 420
29 420 421
97 420 421
158 421 270
124 270 421
24 421 270
113 421 270
121 197 421
17 421 197
56 421 197
47 197 421
9 421 197
128 5 421
148 5 421
111 5 421
47 353 421
95 353 421
138 353 421
102 353 421
64 353 421
52 287 421
101 287 421
138 287 421
203 421 287
54 150 421
57 421 150
43 150 421
38 421 150
76 421 150
139 421 112
91 421 112
4 112 421
163 421 60
57 60 421
101 60 421
14 60 421
79 60 421
173 72 421
174 72 421
213 72 421
144 72 421
147 72 421
186 223 421
30 223 421
11 223 421
147 223 421
45 223 421
3 268 421
193 268 421
198 421 268
204 268 421
122 268 421
155 64 384
189 384 64
36 64 384
63 64 384
13 64 384
55 244 384
42 384 244
8 244 384
115 384 244
34 384 244
18 384 422
84 384 422
66 422 384
74 384 422
98 422 384
34 384 198
77 198 384
51 384 286
110 384 286
71 286 384
49 286 384
70 286 384
157 384 423
185 423 384
194 423 384
144 423 384
202 423 384
50 21 384
159 21 384
62 21 384
23 384 70
118 384 70
31 384 70
80 70 384
164 274 384
110 274 384
141 274 384
33 274 384
50 72 384
167 72 384
56 72 384
172 72 384
133 94 384
5 94 384
134 94 384
49 94 384
154 94 384
26 104 384
127 104 384
139 104 384
11 104 384
194 104 384
121 340 424
149 340 424
72 340 424
90 340 424
121 340 29
167 29 340
47 29 340
129 340 29
91 340 29
160 340 43
5 340 43
7 340 43
63 340 43
201 43 340
155 340 68
165 68 340
166 340 68
24 340 68
159 340 319
10 340 319
110 340 319
2 340 319
189 340 319
177 340 410
36 340 410
147 340 410
145 340 410
128 340 121
99 121 340
214 340 121
69 121 340
62 59 340
136 340 59
17 59 340
30 59 340
81 59 340
185 36 340
139 36 340
89 36 340
197 36 340
69 340 36
160 114 340
139 340 114
115 114 340
67 114 340
119 114 340
50 12 340
55 340 12
105 12 340
10 12 340
153 12 340
187 12 340
42 340 268
58 268 340
94 268 340
78 340 268
117 207 425
35 425 207
142 207 425
68 425 207
122 207 425
158 207 256
58 207 256
132 207 256
151 207 256
146 207 240
48 207 240
67 207 240
183 252 207
195 252 207
146 252 207
80 252 207
82 207 252
159 207 426
124 207 426
6 207 426
195 426 207
196 207 426
117 302 207
214 302 207
17 302 207
56 302 207
197 302 207
53 131 207
138 131 207
139 131 207
144 131 207
12 131 207
157 80 207
28 80 207
65 80 207
91 207 80
124 48 207
164 48 207
144 48 207
147 48 207
77 48 207
178 11 207
168 11 207
191 207 11
194 207 11
88 207 11
128 12 207
69 12 207
188 12 207
35 12 207
86 51 207
141 51 207
111 51 207
79 51 207
116 51 207
121 404 427
84 427 404
107 427 404
201 404 427
83 404 427
133 404 428
161 404 428
160 428 404
169 404 428
171 404 428
23 404 428
42 404 428
48 404 428
186 428 404
167 428 404
139 404 428
60 404 428
35 404 428
36 428 404
62 428 404
193 428 404
195 428 404
89 428 404
161 404 429
16 429 404
108 429 404
65 404 429
99 430 404
95 430 404
148 404 430
63 430 404
72 404 430
165 404 366
127 404 366
36 404 366
76 366 404
209 404 366
146 139 404
29 139 404
39 139 404
155 247 404
55 247 404
189 247 404
147 247 404
152 247 404
16 303 404
53 303 404
173 303 404
65 303 404
116 303 404
214 404 274
17 274 404
27 274 404
195 274 404
88 274 404
29 151 404
7 151 404
59 151 404
94 151 404
208 151 404
166 404 133
41 404 133
145 133 404
15 317 404
123 317 404
3 317 404
201 317 404
188 404 317
160 292 116
165 292 116
21 292 116
5 292 116
134 292 116
123 292 145
19 292 145
162 292 145
25 292 145
67 145 292
160 292 335
52 292 335
112 292 335
163 335 292
5 292 335
165 292 335
173 292 335
84 292 335
179 292 335
180 292 335
42 292 335
108 292 335
8 292 335
138 292 335
96 292 335
184 335 292
30 292 335
27 292 335
187 292 335
60 292 335
102 335 292
105 292 335
193 292 335
63 335 292
49 292 335
66 292 335
199 292 335
202 292 335
14 335 292
146 335 292
74 292 335
44 292 335
94 292 335
37 335 292
33 292 335
209 292 335
132 292 5
95 292 5
62 292 5
144 5 292
81 292 5
51 292 19
54 19 292
118 292 19
187 292 19
194 292 19
170 292 130
31 292 130
198 292 130
32 292 130
163 292 91
166 292 91
23 292 91
184 292 91
38 292 91
124 292 421
137 292 421
115 292 421
188 292 421
191 292 421
123 36 292
117 292 36
28 292 36
154 36 292
134 142 292
121 292 142
180 292 142
66 142 292
13 292 142
158 292 408
20 408 292
18 292 408
6 292 408
184 292 408
165 292 39
10 39 292
98 292 39
201 39 292
90 39 292
161 116 239
177 116 239
199 239 116
156 239 116
151 116 239
41 145 239
10 239 145
60 145 239
36 145 239
18 239 431
6 431 239
42 431 239
154 239 431
214 227 239
165 227 239
172 239 227
185 239 227
67 227 239
24 239 319
47 319 239
102 239 319
88 239 319
157 239 290
21 239 290
134 239 290
59 239 290
188 290 239
164 8 239
172 8 239
148 8 239
198 8 239
176 239 8
124 80 239
54 239 80
95 80 239
178 80 239
9 80 239
56 161 239
23 161 239
43 161 239
201 161 239
166 114 239
175 114 239
2 114 239
153 114 239
93 114 239
99 253 239
162 239 253
122 253 239
23 253 239
194 239 253
81 83 239
188 239 83
143 83 239
45 83 239
33 83 239
8 274 364
86 274 364
141 274 364
14 364 274
212 274 364
51 274 178
162 274 178
160 274 178
61 274 178
206 274 178
95 320 274
176 274 320
48 320 274
182 274 320
81 320 274
133 274 227
48 227 274
49 227 274
71 274 227
52 274 148
132 274 148
30 274 148
14 274 148
52 274 159
61 274 159
86 274 159
103 274 159
122 274 159
170 274 111
7 111 274
186 274 111
40 274 111
120 274 111
32 274 111
15 274 141
135 274 141
169 274 141
177 274 141
8 141 274
165 93 274
46 274 93
71 93 274
67 93 274
159 274 81
58 274 81
135 274 81
43 81 274
41 274 115
60 274 115
9 115 274
52 274 83
109 83 274
168 83 274
173 83 274
137 83 274
182 83 274
135 23 432
57 23 432
58 23 432
120 23 432
38 23 432
157 23 143
42 143 23
25 23 143
72 23 143
123 23 4
98 4 23
126 23 4
54 23 4
175 23 4
21 305 23
104 23 305
25 305 23
63 23 305
72 305 23
50 433 23
22 433 23
138 433 23
28 433 23
119 23 433
16 79 23
164 79 23
31 79 23
79 79 23
16 291 23
121 291 23
93 23 291
114 23 291
40 291 23
158 23 321
58 321 23
205 23 321
45 23 321
69 71 23
102 23 71
215 71 23
88 23 71
131 23 11
196 11 23
65 23 11
70 11 23
203 11 23
116 11 23
1 175 23
169 175 23
174 23 175
90 175 23
208 175 23
51 23 83
203 83 23
27 83 23
70 83 23
85 83 23
142 83 23
117 93 434
64 93 434
143 434 93
199 93 434
205 93 434
174 93 435
180 93 435
25 93 435
139 93 435
4 93 435
19 93 436
159 93 436
178 93 436
110 93 436
57 93 436
133 93 88
123 93 88
25 93 88
83 88 93
3 93 88
151 93 88
125 93 374
139 374 93
36 93 374
76 93 374
23 93 45
189 93 45
36 45 93
191 45 93
88 45 93
135 34 93
35 34 93
147 93 34
94 34 93
166 93 221
7 93 221
24 93 221
186 93 221
190 93 221
179 93 161
193 93 161
77 93 161
116 93 161
120 419 93
99 419 93
110 93 419
209 93 419
41 93 437
163 93 437
126 93 437
167 437 93
85 93 437
155 73 93
128 93 73
41 73 93
162 93 73
196 73 93
168 71 438
169 71 438
57 71 438
23 71 438
7 71 438
155 71 439
126 71 439
8 71 439
60 71 439
99 186 71
23 71 186
42 186 71
196 186 71
67 71 186
16 71 180
134 180 71
84 180 71
187 180 71
55 32 71
153 71 32
75 32 71
209 71 32
63 71 90
107 71 90
87 90 71
4 71 90
15 260 71
160 260 71
126 260 71
58 260 71
135 71 260
156 71 367
22 71 367
28 367 71
97 367 71
121 93 71
10 93 71
42 71 93
8 71 93
49 93 71
98 49 71
51 49 71
6 49 71
57 49 71
160 175 71
124 175 71
163 175 71
95 175 71
85 175 71
123 51 71
177 71 51
148 51 71
205 51 71
187 363 168
28 168 363
39 363 168
32 363 168
19 363 135
120 135 363
99 135 363
162 135 363
47 363 135
105 135 363
157 440 363
134 363 440
106 440 363
135 363 441
26 363 441
180 441 363
181 441 363
139 129 363
63 129 363
197 129 363
64 363 129
78 129 363
126 167 363
22 167 363
192 167 363
142 167 363
65 167 363
17 46 363
2 46 363
181 46 363
140 363 46
161 367 363
100 363 367
23 363 367
7 363 367
189 367 363
16 60 363
99 60 363
108 60 363
185 60 363
125 72 363
129 363 72
113 72 363
25 363 72
146 72 363
159 12 363
125 12 363
132 12 363
186 12 363
194 12 363
179 280 363
86 280 363
192 363 280
66 280 363
114 280 363
163 48 442
56 48 442
174 48 442
108 48 442
79 48 442
24 48 76
134 48 76
113 76 48
187 48 76
199 48 76
29 48 324
118 48 324
186 48 324
120 48 324
194 48 324
52 48 235
214 48 235
17 48 235
142 48 235
201 48 235
19 48 362
158 48 362
22 48 362
108 48 362
85 48 362
20 139 48
170 48 139
48 139 48
60 48 139
208 48 139
157 34 48
163 48 34
86 34 48
34 48 34
119 34 48
167 48 112
104 48 112
26 48 112
30 48 112
67 48 112
166 36 48
156 48 36
70 48 36
73 48 36
214 48 81
132 48 81
173 48 81
35 48 81
51 48 231
160 48 231
198 48 231
72 48 231
111 231 48
160 48 39
214 48 39
108 39 48
176 48 39
199 39 48
155 113 443
132 113 443
38 113 443
106 113 443
32 113 443
84 113 283
10 113 283
8 113 283
139 113 283
45 113 283
160 113 444
125 113 444
84 113 444
130 444 113
49 113 444
161 113 252
166 113 252
92 113 252
101 113 252
98 113 252
110 113 252
130 113 252
177 252 113
118 113 252
180 113 252
43 252 113
213 113 252
96 113 252
113 113 252
115 113 252
28 113 252
149 113 252
36 113 252
86 113 252
162 113 79
54 79 113
177 79 113
36 113 79
65 113 79
165 113 8
54 8 113
32 113 8
87 113 8
112 93 113
168 113 93
131 93 113
173 113 93
143 113 93
50 113 72
191 113 72
172 113 72
43 72 113
86 72 113
133 103 113
50 103 113
22 103 113
180 103 113
76 103 113
156 113 63
161 113 63
21 113 63
6 113 63
136 10 445
117 10 445
17 10 445
55 10 445
137 10 445
161 10 283
20 10 283
146 283 10
216 10 283
63 10 283
84 10 136
95 10 136
77 10 136
214 10 381
179 10 381
42 10 381
182 10 381
215 10 381
42 10 446
28 10 446
195 446 10
97 446 10
128 10 373
163 10 373
125 10 373
13 10 373
154 10 373
50 10 140
55 10 140
95 10 140
115 10 140
11 10 140
69 10 101
174 10 101
113 10 101
38 101 10
89 101 10
157 10 222
159 10 222
178 222 10
127 10 222
128 222 10
157 10 151
16 10 151
104 10 151
108 10 151
66 10 151
156 298 10
19 298 10
21 10 298
57 10 298
25 10 298
47 13 10
55 13 10
140 10 13
178 13 10
16 36 312
166 36 312
6 36 312
213 36 312
102 36 312
156 36 406
124 36 406
167 36 406
118 36 406
14 36 406
41 300 36
108 300 36
188 36 300
28 300 36
128 266 36
191 36 266
112 36 266
84 266 36
94 36 266
160 36 447
1 36 447
69 447 36
180 36 447
30 36 447
50 36 69
51 36 69
53 69 36
109 36 69
164 36 69
53 36 46
164 36 46
104 36 46
97 36 46
159 36 101
46 36 101
175 36 101
12 36 101
145 36 101
5 36 113
168 36 113
95 113 36
49 113 36
72 36 113
52 114 36
126 114 36
135 114 36
38 114 36
203 114 36
50 36 385
159 385 36
141 385 36
83 36 385
68 36 385
79 36 385
133 73 36
167 36 73
121 73 36
180 36 73
97 73 36
125 448 142
132 448 142
56 448 142
180 142 448
14 448 142
50 346 142
213 142 346
49 346 142
143 346 142
133 142 87
124 142 87
92 142 87
136 87 142
187 142 87
157 387 142
50 387 142
86 387 142
73 142 387
62 142 236
159 142 236
5 142 236
194 142 236
160 139 142
47 142 139
55 139 142
171 139 142
141 139 142
133 142 229
51 142 229
126 142 229
22 142 229
41 229 142
132 70 142
56 142 70
10 70 142
6 142 70
201 142 70
1 161 142
23 142 161
141 161 142
80 161 142
50 114 142
16 114 142
135 114 142
213 114 142
200 114 142
21 103 142
10 103 142
148 103 142
176 103 142
82 103 142
159 142 268
131 268 142
65 268 142
3 142 268
123 419 434
57 419 434
81 419 434
106 419 434
79 419 434
98 419 449
134 419 449
171 419 449
49 419 449
149 419 449
137 419 77
24 419 77
176 419 77
122 419 77
103 419 77
20 419 441
134 419 441
42 419 441
30 419 441
152 441 419
124 419 393
191 419 393
118 419 393
187 419 393
61 419 393
156 419 391
47 419 391
61 419 391
13 391 419
94 419 391
185 419 121
203 419 121
60 419 121
193 419 121
145 419 121
71 419 121
155 122 419
159 122 419
17 122 419
18 122 419
217 419 122
21 419 23
145 419 23
146 419 23
187 419 23
115 419 72
106 419 72
33 72 419
209 419 72
157 419 94
29 94 419
128 419 94
185 419 94
123 419 215
157 419 215
53 419 215
129 419 215
130 419 215
20 11 450
166 11 450
107 11 450
14 11 450
50 11 53
92 53 11
25 53 11
38 11 53
197 11 53
165 11 43
54 11 43
148 43 11
144 11 43
45 43 11
137 55 11
182 55 11
137 451 11
148 451 11
27 11 451
145 11 451
54 11 130
171 130 11
136 11 130
90 11 130
214 34 11
166 34 11
127 34 11
8 34 11
191 34 11
52 11 112
135 112 11
29 11 112
108 11 112
94 11 112
17 93 11
55 93 11
59 11 93
107 93 11
18 151 11
178 11 151
42 151 11
58 151 11
68 151 11
56 408 11
57 11 408
186 408 11
188 11 408
215 408 11
99 11 280
21 280 11
49 11 280
128 11 280
148 280 11
41 72 96
16 72 96
65 72 96
90 72 96
206 72 96
133 449 72
157 72 449
127 72 449
91 72 449
100 72 449
117 360 72
25 360 72
102 72 360
85 72 360
88 360 72
172 72 219
62 72 219
76 72 219
136 72 374
46 72 374
132 72 374
137 72 374
212 72 374
162 72 452
184 452 72
62 72 452
72 452 72
99 72 121
162 72 121
178 72 121
108 121 72
182 121 72
120 72 70
144 70 72
204 72 70
208 72 70
135 60 72
8 60 72
44 60 72
45 72 60
124 114 72
182 114 72
140 114 72
191 114 72
80 114 72
118 72 298
195 298 72
32 298 72
138 72 83
88 83 72
66 83 72
44 83 72
103 83 72
169 102 354
48 102 354
86 102 354
83 102 354
151 102 354
82 102 354
133 102 453
92 453 102
66 453 102
93 102 453
206 453 102
168 102 278
138 102 278
71 102 278
97 278 102
39 102 278
164 235 102
10 102 235
28 102 235
36 102 235
14 102 235
128 454 102
172 102 454
183 102 454
123 102 149
50 102 149
95 102 149
8 102 149
69 102 149
17 102 173
204 102 173
211 173 102
189 102 122
120 122 102
141 102 122
68 122 102
74 122 102
213 102 71
140 71 102
145 102 71
111 102 71
212 102 71
157 72 102
7 72 102
48 102 72
141 102 72
194 72 102
163 455 102
129 455 102
61 102 455
64 102 455
3 102 455
137 73 102
75 102 73
76 73 102
209 73 102
53 209 376
170 209 376
180 209 376
147 209 376
201 209 376
54 209 16
171 209 16
8 209 16
97 209 16
143 209 16
159 456 209
54 456 209
22 209 456
141 209 456
194 456 209
6 209 157
127 209 157
105 209 157
38 157 209
12 209 157
156 138 209
89 138 209
68 138 209
202 138 209
77 138 209
21 187 209
18 187 209
182 187 209
35 187 209
11 209 187
51 131 209
182 131 209
147 209 131
71 209 131
40 209 131
159 101 209
136 209 101
71 209 101
96 209 239
81 209 239
91 209 239
82 209 239
99 209 11
137 209 11
130 209 11
11 11 209
175 209 457
10 209 457
130 457 209
153 457 209
100 457 209
173 209 215
185 209 215
195 215 209
88 209 215
69 215 209
163 458 81
162 81 458
128 458 81
2 81 458
25 81 458
129 327 81
57 327 81
179 327 81
62 327 81
69 327 81
1 81 459
47 81 459
102 459 81
80 81 459
92 81 370
65 81 370
74 370 81
90 81 370
209 81 370
109 81 19
179 19 81
148 19 81
217 19 81
78 81 19
173 100 81
183 100 81
11 100 81
31 100 81
205 100 81
162 182 81
92 182 81
43 182 81
144 182 81
45 182 81
18 122 81
171 122 81
149 122 81
106 122 81
40 122 81
171 222 81
2 222 81
144 81 222
154 222 81
87 81 222
163 72 81
130 72 81
11 72 81
63 81 72
70 72 81
175 253 81
96 81 253
147 81 253
75 81 253
209 81 253
157 39 81
47 81 39
35 39 81
199 39 81
198 39 81
156 84 37
97 84 37
111 37 84
77 37 84
161 86 37
35 86 37
13 86 37
82 86 37
52 265 37
213 265 37
103 265 37
146 265 37
199 265 37
180 37 55
66 55 37
74 55 37
100 55 37
124 460 37
149 460 37
49 37 460
80 460 37
121 69 37
101 37 69
120 69 37
141 69 37
211 69 37
48 260 37
88 260 37
197 260 37
69 260 37
83 260 37
60 200 37
40 37 200
65 37 200
205 37 200
90 37 200
17 48 37
21 48 37
169 48 37
37 48 37
33 48 37
58 49 37
85 37 49
13 49 37
207 49 37
116 49 37
161 25 37
177 25 37
107 25 37
75 25 37
37 25 37
128 39 37
23 39 37
180 39 37
198 37 39
40 39 37
30 114 461
189 114 461
144 114 461
202 114 461
119 114 461
10 114 462
110 114 462
182 114 462
28 114 462
114 114 462
46 114 463
84 114 463
7 114 463
79 114 463
82 114 463
126 114 464
115 114 464
202 114 464
217 114 464
87 114 464
16 114 351
52 114 351
37 114 351
154 114 351
45 114 351
171 114 182
172 182 114
213 182 114
208 182 114
214 114 122
109 114 122
216 114 122
67 114 122
15 114 239
130 114 239
191 114 239
69 114 239
91 114 239
8 114 24
81 114 24
193 24 114
197 114 24
78 114 24
162 114 133
168 133 114
179 114 133
217 114 133
83 114 133
48 114 134
153 114 134
194 114 134
205 114 134
112 61 465
167 61 465
85 465 61
44 61 465
116 61 465
167 61 462
109 61 462
164 61 462
177 462 61
140 462 61
51 61 466
138 466 61
70 61 466
78 61 466
64 61 301
93 61 301
198 61 301
37 61 301
209 61 301
105 61 433
135 61 433
84 61 433
13 433 61
45 61 433
158 61 417
126 61 417
186 61 417
192 61 417
94 61 417
129 61 8
180 61 8
30 8 61
194 8 61
98 61 367
165 61 367
53 61 367
55 61 367
3 61 367
158 61 239
24 61 239
35 61 239
36 61 239
32 61 239
34 114 61
213 114 61
113 114 61
70 114 61
103 114 61
56 61 38
176 61 38
71 61 38
37 61 38
90 38 61
165 61 51
23 51 61
8 51 61
35 51 61
91 61 51
84 437 105
68 437 105
77 437 105
119 437 105
16 437 217
214 217 437
178 437 217
180 437 217
167 437 289
10 437 289
177 437 289
146 437 289
199 437 289
15 258 437
126 437 258
64 437 258
200 437 258
111 437 258
141 19 437
193 437 19
72 19 437
74 19 437
154 19 437
123 437 206
18 437 206
174 437 206
129 437 206
187 437 206
112 291 437
169 291 437
80 291 437
12 291 437
99 437 384
85 437 384
13 437 384
77 437 384
84 48 437
25 437 48
28 48 437
153 61 437
115 61 437
190 61 437
103 61 437
64 231 437
141 231 437
49 231 437
147 231 437
114 231 437
113 73 437
148 73 437
150 73 437
76 73 437
130 298 263
144 298 263
68 298 263
74 298 263
152 298 263
128 428 298
53 428 298
86 298 428
143 428 298
91 298 428
98 298 324
101 298 324
10 298 324
184 324 298
19 298 370
134 298 370
167 298 370
60 298 370
143 298 370
161 78 298
46 298 78
81 298 78
31 78 298
82 78 298
15 90 298
54 298 90
179 90 298
207 90 298
116 90 298
158 247 298
53 247 298
125 298 247
18 247 298
197 247 298
187 298 112
89 298 112
198 112 298
111 298 112
75 298 112
162 48 298
115 48 298
63 298 48
45 298 48
87 48 298
2 151 298
43 298 151
198 151 298
44 298 151
210 151 298
117 308 298
164 298 308
93 308 298
13 298 308
56 298 63
195 298 63
63 298 63
207 298 63
116 298 63
112 94 467
8 94 467
49 94 467
145 94 467
208 94 467
16 94 468
128 94 468
184 94 468
33 94 468
200 94 468
37 94 468
15 469 94
125 469 94
179 94 469
185 469 94
101 94 276
96 94 276
97 94 276
9 94 276
80 94 276
108 56 94
140 94 56
195 94 56
94 94 56
100 56 94
170 94 228
25 94 228
88 94 228
145 94 228
212 94 228
1 94 140
6 94 140
149 94 140
34 94 140
152 140 94
126 230 94
60 94 230
215 230 94
93 230 94
79 94 230
25 48 94
60 94 48
12 94 48
75 48 94
119 48 94
137 94 61
130 94 61
116 94 61
105 94 223
192 223 94
143 94 223
150 94 223
209 94 223
155 94 280
125 280 94
21 280 94
22 94 280
89 280 94
130 455 405
191 455 405
147 455 405
90 455 405
6 185 455
197 455 185
201 185 455
79 185 455
159 455 300
46 300 455
163 455 300
208 300 455
84 455 108
48 455 108
189 455 108
62 455 108
172 273 455
36 273 455
146 273 455
203 273 455
76 455 273
45 273 455
160 352 455
194 352 455
181 46 455
186 46 455
153 455 46
154 455 46
119 46 455
135 195 455
73 195 455
74 195 455
212 195 455
23 60 455
118 60 455
186 60 455
189 60 455
122 60 455
136 455 81
126 455 81
109 81 455
213 81 455
122 81 455
137 81 455
23 81 455
84 115 455
213 115 455
14 115 455
45 115 455
88 317 455
114 455 317
44 317 455
79 317 455
33 317 455
6 115 432
65 115 432
74 115 432
79 115 432
212 115 432
102 115 185
88 115 185
201 185 115
151 185 115
87 185 115
48 330 115
149 115 330
142 115 330
146 330 115
209 330 115
157 464 115
169 115 464
140 464 115
114 115 464
87 464 115
101 115 374
197 115 374
176 374 115
152 115 374
78 115 374
10 150 115
81 150 115
178 150 115
89 115 150
175 70 115
138 70 115
70 115 70
147 115 70
93 115 70
46 10 115
60 10 115
141 10 115
91 10 115
103 10 115
124 142 115
180 142 115
60 142 115
119 142 115
40 115 142
163 25 115
185 25 115
193 25 115
88 115 25
78 25 115
157 268 115
122 268 115
127 115 268
129 268 115
152 115 268
51 408 470
24 470 408
71 408 470
74 408 470
79 408 470
46 408 117
5 408 117
202 117 408
154 408 117
81 117 408
5 408 412
55 412 408
74 412 408
154 412 408
209 412 408
173 408 193
140 193 408
145 193 408
119 193 408
1 332 408
24 332 408
102 408 332
114 332 408
77 408 332
123 57 408
159 57 408
121 408 57
67 57 408
90 57 408
56 408 46
179 408 46
213 408 46
106 46 408
209 46 408
121 408 200
95 408 200
78 408 200
40 408 200
16 408 36
5 36 408
117 36 408
131 36 408
184 36 408
53 408 11
186 408 11
198 11 408
103 11 408
191 11 408
36 152 408
195 152 408
97 152 408
202 152 408
14 152 408
128 408 51
162 51 408
43 51 408
61 51 408
144 408 51
15 358 162
20 162 358
187 162 358
114 358 162
9 162 358
101 397 162
177 162 397
59 397 162
119 397 162
80 162 397
133 162 471
15 258 162
50 162 258
160 162 258
179 162 258
182 258 162
55 267 162
10 162 267
213 162 267
153 267 162
114 267 162
1 409 162
82 162 409
189 409 162
192 409 162
196 162 409
39 162 409
136 162 111
139 162 111
105 162 111
182 111 162
133 162 307
161 307 162
39 162 307
146 162 307
4 162 307
46 162 208
38 208 162
93 208 162
77 162 208
119 208 162
23 162 24
43 24 162
209 162 24
98 231 162
108 231 162
139 280 162
102 162 280
34 280 162
94 280 162
119 280 162
130 152 432
102 152 432
49 152 432
13 152 432
207 152 432
22 152 346
2 152 346
81 152 346
35 346 152
45 152 346
156 152 4
112 152 4
134 152 4
175 152 4
49 152 4
20 152 472
22 152 472
101 152 472
83 152 472
72 472 152
111 152 472
128 152 403
10 152 403
118 152 403
178 152 403
6 403 152
136 152 391
150 152 391
33 391 152
91 152 391
209 152 391
26 152 150
184 152 150
146 150 152
44 150 152
83 152 150
96 152 47
120 152 47
70 152 47
37 152 47
45 152 47
159 48 152
186 48 152
174 48 152
119 48 152
122 419 152
137 419 152
43 152 419
49 419 152
34 419 152
132 152 308
98 308 152
38 308 152
39 152 308
189 152 39
93 39 152
217 152 39
154 39 152
19 231 64
113 231 64
142 231 64
100 231 64
71 64 231
202 64 231
161 359 231
46 231 359
10 231 359
177 231 359
153 231 359
55 231 179
29 179 231
197 231 179
72 179 231
79 179 231
20 231 370
30 231 370
12 231 370
150 231 370
79 370 231
95 231 473
181 473 231
182 473 231
48 473 231
21 231 194
105 231 194
2 231 194
8 194 231
208 231 194
84 231 121
216 121 231
215 231 121
91 231 121
209 121 231
20 303 231
202 303 231
152 303 231
100 303 231
208 303 231
132 231 23
127 231 23
67 231 23
74 231 23
205 231 23
18 37 231
197 231 37
70 231 37
203 231 37
77 37 231
116 231 37
133 231 223
47 231 223
39 231 223
120 231 223
116 223 231
185 104 231
153 231 104
146 104 231
45 231 104
118 371 405
11 371 405
193 371 405
195 371 405
209 371 405
159 371 474
173 474 371
145 474 371
14 371 474
145 278 371
177 278 371
42 371 278
30 371 278
137 430 371
102 430 371
14 430 371
90 430 371
208 430 371
27 475 371
215 371 475
39 475 371
199 475 371
77 475 371
163 45 371
6 45 371
107 371 45
122 371 45
54 46 371
107 46 371
75 46 371
122 371 46
5 395 371
176 395 371
203 395 371
147 395 371
138 274 371
200 274 371
202 371 274
122 274 371
83 371 274
176 61 371
67 371 61
29 61 371
146 61 371
212 61 371
96 162 371
148 371 162
70 162 371
103 371 162
151 162 371
15 371 73
167 371 73
141 73 371
100 73 371
211 371 73
40 476 280
62 280 476
133 280 476
155 280 476
15 280 476
121 280 476
156 280 476
136 280 476
123 280 476
157 280 476
128 280 476
19 280 476
50 476 280
158 280 476
159 280 476
160 280 476
117 280 476
98 280 476
106 280 476
41 476 280
124 280 476
161 280 476
51 476 280
120 280 476
16 280 476
165 280 476
52 280 476
99 280 476
191 280 476
162 476 280
112 280 476
46 280 476
163 280 476
53 280 476
214 280 476
1 476 280
125 280 476
126 280 476
167 280 476
109 476 280
17 280 476
164 280 476
20 280 476
21 476 280
24 280 476
5 280 476
58 280 476
166 280 476
178 280 476
135 280 476
18 476 280
54 280 476
104 280 476
145 280 476
6 280 476
92 280 476
47 280 476
134 280 476
55 280 476
168 280 476
105 280 476
84 280 476
22 280 476
131 280 476
213 280 476
26 280 476
169 280 476
132 280 476
101 280 476
172 280 476
170 280 476
171 280 476
100 280 476
95 280 476
146 280 476
10 280 476
173 280 476
174 280 476
127 280 476
176 280 476
175 280 476
69 476 280
103 280 476
110 280 476
29 476 280
57 280 476
137 280 476
129 280 476
2 280 476
130 476 280
177 280 476
23 280 476
118 280 476
7 280 476
179 280 476
180 280 476
216 280 476
42 280 476
108 280 476
8 476 280
181 476 280
43 280 476
82 476 280
182 280 476
34 476 280
48 280 476
138 280 476
113 476 280
153 280 476
96 280 476
59 280 476
183 280 476
184 280 476
186 280 476
185 280 476
25 280 476
30 280 476
203 280 476
139 280 476
148 280 476
187 280 476
27 280 476
115 280 476
188 280 476
61 280 476
71 280 476
60 280 476
35 280 476
189 280 476
81 280 476
36 280 476
102 280 476
149 280 476
86 280 476
70 476 280
190 280 476
38 280 476
140 280 476
215 280 476
141 280 476
122 476 280
11 280 476
192 280 476
193 476 280
195 280 476
85 280 476
194 476 280
63 280 476
196 280 476
89 280 476
88 280 476
64 280 476
49 280 476
142 280 476
197 280 476
107 280 476
31 280 476
97 476 280
65 280 476
66 280 476
144 280 476
67 476 280
143 280 476
147 476 280
39 280 476
93 280 476
80 280 476
12 280 476
198 280 476
200 280 476
199 280 476
68 280 476
201 280 476
150 280 476
114 476 280
3 280 476
72 280 476
13 280 476
73 280 476
202 280 476
151 280 476
111 280 476
74 280 476
37 280 476
44 280 476
75 280 476
94 280 476
217 280 476
204 280 476
205 280 476
9 280 476
76 280 476
90 280 476
154 280 476
152 280 476
206 280 476
32 280 476
45 280 476
77 280 476
119 280 476
78 476 280
79 280 476
33 280 476
116 280 476
91 280 476
207 280 476
208 280 476
87 280 476
209 280 476
210 280 476
211 280 476
212 280 476
83 280 476
4 476 280
155 280 477
121 280 477
183 280 477
4 477 280
163 280 249
192 249 280
82 280 249
212 280 249
182 280 204
48 280 204
195 280 204
67 280 204
74 280 204
99 280 129
47 280 129
23 129 280
142 280 129
152 280 129
22 417 280
215 280 417
202 280 417
44 280 417
78 280 417
21 280 140
174 280 140
148 280 140
71 280 140
145 280 140
101 280 303
25 280 303
71 280 303
141 280 303
37 303 280
214 280 10
3 10 280
13 10 280
191 280 81
141 280 81
152 81 280
45 280 81
156 280 308
158 308 280
54 308 280
152 308 280
78 308 280
57 123 280
185 280 123
140 280 123
63 280 123
92 268 396
103 268 396
149 268 396
11 268 396
13 268 396
132 468 268
44 468 268
208 468 268
162 268 412
5 268 412
187 268 412
194 412 268
19 268 394
7 394 268
179 394 268
36 394 268
161 268 199
61 199 268
71 268 199
35 268 199
70 268 199
16 246 268
51 246 268
9 268 246
45 268 246
80 268 246
124 268 91
165 268 91
148 268 91
98 268 141
96 141 268
85 141 268
32 268 141
21 71 268
96 71 268
182 71 268
34 71 268
79 71 268
159 419 268
17 268 419
169 419 268
151 419 268
81 419 268
142 103 268
201 103 268
111 103 268
75 268 103
90 103 268
123 63 478
17 63 478
12 63 478
198 478 63
33 63 478
157 143 63
158 63 143
163 63 143
184 63 143
87 143 63
158 63 107
102 107 63
63 63 107
89 63 107
66 63 107
50 243 63
69 243 63
136 63 243
107 63 243
20 63 447
130 63 447
30 447 63
28 447 63
122 447 63
15 417 63
126 63 417
58 417 63
69 417 63
152 417 63
163 63 58
54 58 63
171 58 63
108 58 63
188 58 63
126 303 63
65 303 63
74 303 63
98 303 63
91 303 63
168 63 239
34 63 239
38 63 239
75 239 63
33 63 239
155 114 63
132 114 63
95 114 63
61 114 63
194 114 63
96 50 63
88 50 63
66 50 63
150 50 63
114 50 63
143 73 63
198 63 73
40 63 73
91 73 63
157 104 479
1 104 479
22 104 479
44 104 479
211 104 479
98 104 29
131 29 104
170 104 29
7 29 104
78 104 29
46 104 171
26 104 171
132 104 171
35 171 104
81 104 171
117 104 68
10 104 68
48 104 68
199 104 68
62 104 68
124 104 480
43 104 480
37 480 104
157 104 409
137 104 409
35 409 104
77 409 104
83 409 104
55 104 291
177 291 104
178 104 291
147 104 291
93 104 291
5 104 70
134 70 104
41 104 70
148 104 70
107 70 104
136 104 239
168 104 239
70 104 239
151 104 239
50 104 209
53 104 209
146 209 104
138 104 209
35 104 209
88 104 209
47 214 104
29 214 104
30 214 104
11 214 104
151 214 104
121 73 104
42 73 104
196 73 104
9 104 73
58 478 123
168 123 478
101 123 478
130 123 478
106 123 478
162 123 481
191 123 481
54 123 481
177 481 123
8 123 481
104 123 482
110 123 482
130 123 482
182 123 482
139 123 482
24 123 483
28 123 483
189 123 483
31 123 483
40 483 123
56 460 123
178 123 460
2 123 460
144 460 123
3 123 460
10 123 287
199 123 287
116 123 287
48 123 173
144 173 123
198 173 123
217 173 123
32 123 173
159 340 123
11 123 340
68 123 340
75 123 340
212 123 340
51 93 123
6 123 93
199 123 93
207 123 93
212 123 93
159 123 102
52 123 102
82 123 102
99 123 62
185 123 62
174 123 62
139 123 62
62 123 62
24 280 123
59 280 123
97 280 123
147 123 280
207 123 280
98 484 39
54 39 484
57 39 484
28 39 484
35 39 484
50 39 184
163 184 39
174 39 184
48 39 184
193 184 39
101 278 39
10 39 278
130 39 278
138 39 278
116 278 39
166 39 68
179 39 68
64 39 68
142 39 68
111 39 68
158 39 89
31 39 89
206 39 89
77 39 89
100 39 89
160 39 237
56 237 39
92 39 237
75 39 237
114 39 237
134 182 39
174 182 39
179 182 39
140 182 39
152 182 39
50 122 39
7 122 39
191 39 122
91 39 122
6 39 222
172 39 222
81 39 222
90 39 222
206 39 222
95 39 11
176 11 39
36 39 11
89 39 11
119 39 11
158 39 457
99 457 39
66 39 457
67 39 457
83 39 457
111 457 39
133 39 51
166 39 51
182 39 51
144 51 39
146 134 322
86 134 322
65 134 322
72 134 322
125 134 334
86 134 334
197 134 334
114 134 334
40 134 334
125 134 485
168 485 134
28 134 485
53 134 204
63 134 204
70 134 204
69 134 345
148 345 134
115 345 134
74 345 134
208 345 134
133 337 134
114 337 134
116 337 134
40 337 134
16 21 134
172 21 134
24 134 21
210 21 134
157 395 134
60 395 134
65 395 134
77 134 395
209 395 134
58 134 48
55 134 48
136 48 134
183 48 134
88 114 134
144 114 134
33 114 134
207 114 134
208 114 134
55 134 261
59 261 134
97 261 134
76 261 134
77 261 134
160 26 134
103 134 26
24 134 26
183 134 26
191 134 26
103 134 26
159 51 486
98 51 486
66 51 486
44 51 486
212 51 486
60 51 435
200 51 435
201 435 51
146 51 435
122 51 435
172 51 107
38 51 107
37 51 107
152 51 107
212 51 107
214 51 252
20 51 252
110 51 252
7 51 252
71 51 252
133 199 51
125 51 199
96 51 199
187 51 199
89 51 199
6 51 45
26 51 45
216 51 45
194 51 45
130 51 80
148 51 80
191 51 80
76 51 80
9 51 80
76 51 80
15 51 274
167 51 274
63 274 51
31 51 274
209 51 274
82 114 51
60 114 51
215 114 51
200 114 51
206 51 114
40 114 51
76 51 94
75 94 51
147 94 51
154 51 94
32 94 51
163 123 51
73 123 51
75 51 123
78 123 51
69 487 317
113 317 487
13 487 317
90 317 487
211 317 487
174 317 283
108 317 283
107 283 317
145 317 283
98 317 411
181 317 411
35 317 411
147 411 317
80 317 411
50 317 301
172 317 301
36 317 301
17 332 317
137 317 332
186 332 317
37 332 317
212 332 317
214 317 287
145 317 287
95 317 287
80 317 287
1 58 317
168 317 58
170 317 58
141 317 58
211 317 58
19 317 404
7 317 404
31 317 404
40 317 404
181 317 239
61 317 239
64 317 239
65 317 239
70 317 239
136 317 142
173 317 142
137 317 142
192 317 142
73 317 142
110 214 317
150 214 317
9 214 317
211 214 317
92 317 73
168 317 73
129 317 73
186 317 73
201 73 317
55 396 73
26 73 396
59 73 396
184 73 396
194 73 396
121 73 390
95 73 390
25 390 73
143 73 390
111 73 390
22 73 488
27 73 488
85 73 488
39 73 488
162 73 489
149 73 489
122 489 73
203 489 73
122 73 489
206 73 489
137 490 73
82 73 490
35 73 490
68 490 73
34 73 490
121 73 491
101 73 491
113 73 491
80 73 491
12 73 491
149 73 111
85 73 111
12 73 111
152 73 111
164 73 384
108 73 384
153 73 384
36 73 384
31 384 73
54 10 73
179 73 10
107 10 73
90 10 73
212 10 73
96 73 419
184 419 73
192 419 73
67 73 419
124 457 73
131 73 457
115 457 73
36 73 457
13 73 457
30 51 73
86 51 73
200 73 51
207 73 51
83 73 51
