3888076 0 0.8571
2195493 1 0.8
3031537 2 0.8571
4034120 3 0.75
423 4 1
3927850 5 0.8571
2407979 6 1
3580104 7 0.8571
4280122 8 0.75
2592 9 1
726434 10 1
2013857 11 1
4424569 12 0.8571
3746083 13 0.7143
55559 14 0.8571
3063389 15 0.8571
1842961 16 1
4162325 17 0.8571
2456446 18 1
1256871 19 1
2793302 20 0.8571
4399468 21 1
4390019 22 0.8571
1986095 23 0.8571
3526764 24 0.8571
2134098 25 1
4406028 26 1
273193 27 0.8571
2672210 28 0.8571
1419321 29 0.8571
4393069 30 0.8
3768557 31 1
702663 32 1
4323854 33 0.8571
945732 34 1
1390511 35 0.8571
819451 36 0.8571
171193 37 0.8571
4151873 38 1
2062764 39 0.8571
2088627 40 0.8571
4143597 41 0.8571
3081035 42 0.7143
2640 43 0.7143
2197474 44 1
3646241 45 0.8571
40143 46 1
654359 47 1
3453057 48 1
4380662 49 0.8571
996867 50 0.8571
3695714 51 1
430781 52 0.7143
2019311 53 0.8571
4141385 54 0.8571
130949 55 0.8571
1808330 56 1
1246916 57 0.8571
3975886 58 1
3720928 59 1
1719870 60 1
297724 61 0.8571
4376610 62 0.8571
2452 63 1
4417342 64 1
182384 65 1
3963733 66 0.8571
252168 67 0.8571
2995560 68 0.8571
930121 69 1
1788732 70 0.7143
1638607 71 0.8571
3847507 72 0.8571
4279481 73 0.8571
1148064 74 1
4362900 75 1
2512011 76 1
398891 77 0.8571
142640 78 0.8571
2925489 79 0.8333
3716338 80 0.8571
4330167 81 0.8571
1583 82 1
2801871 83 1
4258539 84 0.8
1147266 85 1
1222036 86 0.8
236711 87 0.8571
3226289 88 0.8
3930798 89 1
4328032 90 1
678648 91 0.8571
1246 92 1
266527 93 1
2674401 94 1
188952 95 1
3761868 96 0.8571
1045137 97 0.8571
3581529 98 0.8571
1172 99 1
232478 100 1
1015243 101 0.8571
2457185 102 0.8333
1773504 103 1
3816471 104 1
3335611 105 0.7143
4334490 106 1
2350410 107 0.8571
4278748 108 0.75
3868336 109 1
386 110 1
3368271 111 0.8571
4036196 112 0.7143
835 113 0.8571
2803804 114 1
1847310 115 0.8571
3084404 116 0.8571
3313254 117 1
3422692 118 0.8571
4363860 119 1
946983 120 1
4302245 121 0.8571
36997 122 0.8571
34410 123 0.8571
4063123 124 1
4363037 125 1
3233425 126 1
4273433 127 0.8571
961129 128 0.8571
3662416 129 0.8571
1539435 130 0.8571
2841501 131 1
2325148 132 1
3818047 133 0.8333
223024 134 1
3582666 135 0.8571
4329600 136 1
4053212 137 1
1171781 138 1
3107127 139 1
4410320 140 1
3903848 141 1
2544628 142 1
2622306 143 1
3313649 144 1
4314078 145 0.8571
20201 146 0.8571
3825968 147 0.8571
3743587 148 1
4196066 149 1
42772 150 0.8571
1110459 151 1
4364830 152 1
3066923 153 1
3668384 154 1
3672345 155 0.8333
4223663 156 1
106478 157 1
745841 158 0.8571
575578 159 0.7143
2242684 160 0.8571
3899476 161 0.8571
1180070 162 0.8571
4268519 163 1
2291646 164 1
3064995 165 1
2128636 166 0.8333
4394669 167 0.8571
46406 168 1
4400108 169 1
3428748 170 1
3773256 171 1
1655817 172 1
2173664 173 0.8333
2710960 174 1
964373 175 0.8571
3832476 176 0.7143
1791128 177 0.8
3892092 178 1
3837561 179 0.8571
1778188 180 0.8
4178768 181 1
4193196 182 1
4404524 183 0.8571
247139 184 0.7143
273745 185 0.7143
1976596 186 0.8571
4210839 187 0.8
4304093 188 0.8571
4409642 189 0.75
2737722 190 1
3039287 191 1
4411679 192 0.7143
4369231 193 0.8571
3626969 194 0.8
3118407 195 1
3188431 196 0.8571
1465999 197 0.8571
3457250 198 1
4421031 199 1
3638943 200 0.8571
1870304 201 1
627800 202 1
4433431 203 1
2629802 204 0.75
2056128 205 0.8
475751 206 1
4447530 207 0.8571
4420247 208 0.8571
3755281 209 1
1908160 210 1
4453376 211 0.8333
4376256 212 0.8571
3722796 213 0.8571
4302877 214 1
4345658 215 0.75
1719877 216 0.75
